test/UKGEOS_Glasgow/EXPORTS/ASCII(5mCell)/Faults/Fault_Blythswood_50m_GGERFS_Predrill(5m).asc
ncols 516
nrows 229
xllcenter 260000.0
yllcenter 662430.06
cellsize 5.0
nodata_value 10e32
[rows 64 to 95 of 229, columns 288 to 359 of 516]
-445.1678 -444.21198 -443.25613 -442.30032 -441.1643 -439.64862 -438.1329 -436.61722 -435.1015 -433.58582 -432.07013 -430.5544 -429.03873 -427.523 -426.00732 -424.49164 -422.97592 -421.2757 -419.32462 -417.37357 -415.4165 -413.3264 -411.23624 -409.14612 -407.05597 -404.96585 -402.8757 -400.78558 -398.69543 -396.60532 -394.51517 -392.42505 -390.3349 -388.24478 -386.15463 -384.11102 -382.80475 -381.49847 -380.1922 -378.88593 -377.57965 -376.27338 -374.9671 -373.58313 -372.02798 -370.4728 -368.91766 -367.36252 -365.75897 -363.15674 -360.5545 -357.95227 -355.35004 -352.74783 -350.43307 -348.22037 -346.00766 -343.79495 -341.58228 -339.36957 -337.15686 -334.94415 -332.43842 -329.794 -327.1496 -324.5052 -321.86078 -319.21637 -316.57196 -313.92752 -311.2839 -308.64157
-450.07095 -449.11514 -448.1593 -447.2035 -446.24768 -445.20526 -443.68954 -442.17386 -440.65817 -439.14246 -437.62677 -436.11105 -434.59537 -433.07968 -431.56396 -430.04828 -428.465 -426.51395 -424.56287 -422.61182 -420.66077 -418.7097 -416.75864 -414.67578 -412.58566 -410.4955 -408.4054 -406.31525 -404.22513 -402.13498 -400.04486 -397.9547 -395.8646 -393.77444 -391.6843 -389.59418 -388.282 -386.97574 -385.66946 -384.3632 -383.05692 -381.75064 -380.44437 -379.1381 -377.83182 -376.45682 -374.90167 -373.34653 -371.79138 -369.54807 -366.94583 -364.3436 -361.745 -359.53232 -357.3196 -355.1069 -352.8942 -350.6815 -348.46878 -346.2561 -344.0434 -341.8307 -339.61798 -337.09763 -334.45322 -331.8088 -329.1644 -326.52 -323.87558 -321.23114 -318.58673 -315.94232
-454.97412 -454.0183 -453.0625 -452.10666 -451.15085 -450.19504 -449.2392 -447.7305 -446.2148 -444.6991 -443.1834 -441.6677 -440.152 -438.63632 -437.1206 -435.60492 -433.70325 -431.7522 -429.80112 -427.85007 -425.899 -423.94794 -421.9969 -420.0458 -418.09476 -416.0252 -413.93506 -411.84494 -409.7548 -407.66464 -405.57452 -403.48438 -401.39426 -399.3041 -397.214 -395.12384 -393.75925 -392.45297 -391.1467 -389.84042 -388.53418 -387.2279 -385.92163 -384.61536 -383.30908 -382.0028 -380.69653 -379.33054 -377.77536 -375.93936 -373.33713 -370.84424 -368.63153 -366.41885 -364.20615 -361.99344 -359.78073 -357.56802 -355.35532 -353.14264 -350.92993 -348.71722 -346.50452 -344.2918 -341.75684 -339.11243 -336.46802 -333.8236 -331.1792 -328.53476 -325.89035 -323.24594
-459.8773 -458.92148 -457.96567 -457.00983 -456.05402 -455.0982 -454.14236 -453.18655 -451.77145 -450.25574 -448.74005 -447.22437 -445.70865 -444.19296 -442.67725 -440.89255 -438.9415 -436.99045 -435.03937 -433.08832 -431.13724 -429.1862 -427.23514 -425.28406 -423.333 -421.38196 -419.43088 -417.3746 -415.28445 -413.19434 -411.1042 -409.01407 -406.92392 -404.8338 -402.74365 -400.65353 -399.2365 -397.93024 -396.62396 -395.3177 -394.0114 -392.70514 -391.39886 -390.0926 -388.78632 -387.48004 -386.17377 -384.8675 -383.56122 -382.20422 -379.94348 -377.73077 -375.51807 -373.30536 -371.09268 -368.87997 -366.66727 -364.45456 -362.24185 -360.02914 -357.81647 -355.60376 -353.39105 -351.17834 -348.96564 -346.41605 -343.77164 -341.12723 -338.48282 -335.6719 -332.83823 -330.00458
-464.78046 -463.82465 -462.86884 -461.913 -460.95718 -460.00137 -459.04556 -458.08972 -457.1339 -455.8124 -454.2967 -452.781 -451.2653 -449.7496 -448.08188 -446.1308 -444.17975 -442.2287 -440.27762 -438.32657 -436.3755 -434.42444 -432.4734 -430.5223 -428.57126 -426.6202 -424.66913 -422.71808 -420.76703 -418.724 -416.63388 -414.54373 -412.4536 -410.36346 -408.27335 -406.1832 -404.71378 -403.4075 -402.10123 -400.79495 -399.48868 -398.1824 -396.87613 -395.56985 -394.26358 -392.9573 -391.65103 -390.22592 -388.6499 -387.07385 -385.4601 -383.6428 -381.48474 -379.32666 -377.1686 -375.01056 -372.8525 -370.69446 -368.5364 -366.37836 -364.2203 -362.06223 -359.90417 -357.74612 -355.58807 -353.43002 -350.78546 -347.9518 -345.11813 -342.2845 -339.4508 -336.61716
-469.68362 -468.7278 -467.772 -466.8162 -465.86035 -464.90454 -463.94873 -462.9929 -462.03708 -461.08127 -459.85333 -458.33765 -456.82196 -455.27118 -453.32013 -451.36905 -449.418 -447.46692 -445.51587 -443.56482 -441.61374 -439.6627 -437.71164 -435.76056 -433.8095 -431.85846 -429.90738 -427.95633 -426.00528 -424.0542 -422.10315 -420.07343 -417.98328 -415.89316 -413.803 -411.7129 -410.191 -408.88474 -407.57846 -406.2722 -404.9659 -403.65964 -402.35336 -401.0471 -399.54504 -397.969 -396.39297 -394.81693 -393.2409 -391.6649 -390.05002 -388.42807 -386.80612 -384.8768 -382.71875 -380.5607 -378.40265 -376.2446 -374.08655 -371.92847 -369.77042 -367.61237 -365.4543 -363.29626 -361.1382 -358.98016 -356.31387 -353.66553 -351.14456 -348.62363 -346.06342 -343.22974
-474.58682 -473.63098 -472.67517 -471.71936 -470.76352 -469.8077 -468.8519 -467.89606 -466.94025 -465.98444 -465.02863 -463.8943 -462.3786 -460.50943 -458.55838 -456.6073 -454.65625 -452.70517 -450.75412 -448.80307 -446.852 -444.90094 -442.9499 -440.9988 -439.04776 -437.0967 -435.14563 -433.19458 -431.2435 -429.29245 -427.3414 -425.39032 -423.43927 -421.42282 -419.33267 -417.24255 -415.66827 -414.362 -413.05573 -411.74945 -410.44016 -408.86414 -407.28812 -405.71207 -404.13605 -402.56 -400.98398 -399.40793 -397.8319 -396.2559 -394.63992 -393.01797 -391.39606 -389.7741 -388.15216 -386.11084 -383.9528 -381.7947 -379.63666 -377.4786 -375.32056 -373.1625 -371.00446 -368.8464 -366.68832 -364.53027 -361.89136 -359.17346 -356.4556 -353.92645 -351.40552 -348.88455
-479.49 -478.53415 -477.57834 -476.62253 -475.6667 -474.71088 -473.75507 -472.79926 -471.8434 -470.8876 -469.9318 -468.97595 -467.46335 -465.54205 -463.6208 -461.69952 -459.77826 -457.857 -455.9357 -454.01443 -452.09024 -450.1392 -448.18814 -446.23706 -444.286 -442.33496 -440.38388 -438.43283 -436.48175 -434.5307 -432.57965 -430.62857 -428.67752 -426.72647 -424.7754 -422.77222 -421.1455 -419.75928 -418.18323 -416.6072 -415.03116 -413.45514 -411.87912 -410.30307 -408.72705 -407.151 -405.57498 -403.99896 -402.4229 -400.8469 -399.22986 -397.6079 -395.98596 -394.364 -392.74207 -391.12012 -389.49817 -387.34485 -385.1868 -383.02875 -380.8707 -378.71265 -376.55457 -374.3965 -372.23846 -370.0804 -367.46884 -364.75098 -362.03308 -359.31522 -356.70837 -354.1874
-484.39316 -483.43735 -482.4815 -481.5257 -480.5699 -479.61404 -478.65823 -477.70242 -476.74658 -475.4237 -474.06042 -472.6971 -471.33383 -469.5823 -467.66104 -465.73975 -463.81848 -461.89722 -459.97595 -458.05466 -456.1334 -454.21213 -452.29086 -450.3696 -448.4483 -446.52704 -444.60577 -442.6845 -440.76324 -438.84195 -436.9207 -434.99942 -433.07816 -431.1569 -429.2356 -427.5585 -426.00116 -424.35028 -422.77423 -421.1982 -419.62216 -418.04614 -416.47012 -414.89407 -413.31805 -411.742 -410.166 -408.58997 -407.01392 -405.4379 -403.81976 -402.1978 -400.57587 -398.95392 -397.33197 -395.71002 -394.08807 -392.46616 -390.73694 -388.5789 -386.4208 -384.26276 -382.1047 -379.94666 -377.7886 -375.63055 -373.04633 -370.32846 -367.61057 -364.8927 -362.1748 -359.49026
-489.29633 -488.3405 -487.38467 -486.42886 -485.47305 -484.5172 -483.23163 -481.86832 -480.50504 -479.14172 -477.77844 -476.41513 -475.05185 -473.62253 -471.70126 -469.78 -467.8587 -465.93744 -464.01617 -462.0949 -460.17365 -458.25235 -456.3311 -454.40982 -452.48856 -450.5673 -448.646 -446.72473 -444.80347 -442.8822 -440.96094 -439.03964 -437.11838 -435.29428 -433.79474 -432.29523 -430.7957 -429.12366 -427.36523 -425.7892 -424.2132 -422.63715 -421.06113 -419.48508 -417.90906 -416.333 -414.757 -413.18097 -411.60492 -410.0289 -408.40967 -406.78772 -405.16577 -403.54382 -401.92188 -400.29996 -398.678 -397.05606 -395.4341 -393.81216 -391.97095 -389.8129 -387.65485 -385.4968 -383.33875 -381.1807 -378.6238 -375.90594 -373.18805 -370.47018 -367.7523 -365.03442
-494.1995 -493.24368 -492.28784 -491.03952 -489.67624 -488.31293 -486.94965 -485.58633 -484.22305 -482.85974 -481.49646 -480.13315 -478.76987 -477.40656 -475.7415 -473.82022 -471.89896 -469.9777 -468.0564 -466.13513 -464.21387 -462.2926 -460.37134 -458.45004 -456.52878 -454.6075 -452.68625 -450.76498 -448.8437 -446.92242 -445.00116 -443.0799 -441.53052 -440.03098 -438.53146 -437.03192 -435.53238 -434.00565 -432.24612 -430.4866 -428.8042 -427.22815 -425.65213 -424.07608 -422.50006 -420.92404 -419.348 -417.77197 -416.19592 -414.6199 -412.99957 -411.37762 -409.7557 -408.13376 -406.5118 -404.88986 -403.2679 -401.64597 -400.02402 -398.40207 -396.78012 -395.15817 -393.205 -391.04694 -388.88885 -386.7308 -384.2013 -381.48343 -378.76553 -376.04767 -373.32977 -370.6119
-498.84744 -497.48413 -496.12085 -494.75754 -493.39426 -492.03094 -490.66763 -489.30435 -487.94104 -486.57776 -485.21445 -483.85117 -482.48785 -481.12457 -479.76126 -477.86044 -475.93918 -474.0179 -472.09665 -470.17538 -468.2541 -466.33282 -464.41156 -462.4903 -460.56903 -458.64774 -456.72647 -454.8052 -452.88394 -450.96268 -449.26627 -447.76675 -446.2672 -444.76767 -443.26816 -441.76862 -440.2691 -438.76956 -437.12814 -435.3686 -433.60907 -431.84952 -430.24313 -428.66708 -427.09106 -425.51505 -423.939 -422.36298 -420.78693 -419.2109 -417.5895 -415.96756 -414.3456 -412.72366 -411.1017 -409.47977 -407.85782 -406.23587 -404.61392 -402.99197 -401.37006 -399.7481 -398.12616 -396.5042 -394.439 -392.28094 -389.77878 -387.0609 -384.34302 -381.62515 -378.90726 -376.1894
10e32 10e32 -499.83884 -498.47556 -497.11224 -495.74896 -494.38565 -493.02237 -491.65906 -490.29578 -488.93246 -487.56918 -486.20587 -484.8426 -483.47928 -481.9007 -479.97943 -478.05814 -476.13687 -474.2156 -472.29434 -470.37308 -468.45178 -466.53052 -464.60925 -462.688 -460.7667 -458.84543 -457.00204 -455.5025 -454.00296 -452.50345 -451.0039 -449.5044 -448.00485 -446.50534 -445.0058 -443.50626 -442.00674 -440.2506 -438.4911 -436.73154 -434.97202 -433.25812 -431.68207 -430.10605 -428.53 -426.95398 -425.37793 -423.80136 -422.1794 -420.55746 -418.93552 -417.31357 -415.69162 -414.06967 -412.44772 -410.8258 -409.20386 -407.5819 -405.95996 -404.338 -402.71606 -401.09412 -399.47217 -397.8311 -395.3563 -392.6384 -389.92053 -387.20264 -384.48477 -381.76688
10e32 10e32 10e32 10e32 10e32 -499.46698 -498.10367 -496.7404 -495.37708 -494.0138 -492.65048 -491.28717 -489.9239 -488.56058 -487.1973 -485.83398 -484.01965 -482.0984 -480.17712 -478.25583 -476.33456 -474.4133 -472.49203 -470.57074 -468.64948 -466.7282 -464.80695 -463.23825 -461.73874 -460.2392 -458.7397 -457.24014 -455.74063 -454.2411 -452.74155 -451.24203 -449.7425 -448.24298 -446.74344 -445.13263 -443.37308 -441.61356 -439.85403 -438.09448 -436.33496 -434.69705 -433.121 -431.54498 -429.96896 -428.39127 -426.76932 -425.14737 -423.52542 -421.90347 -420.28152 -418.6596 -417.03766 -415.4157 -413.79376 -412.1718 -410.54987 -408.92792 -407.30597 -405.53864 -403.7562 -401.97372 -400.10703 -397.75854 -395.41006 -392.78012 -390.06226 -387.34436
10e32 10e32 10e32 10e32 10e32 10e32 10e32 10e32 -499.0951 -497.73178 -496.3685 -495.0052 -493.6419 -492.2786 -490.9153 -489.552 -488.05988 -486.1386 -484.21735 -482.29608 -480.3748 -478.45352 -476.53226 -474.611 -472.68973 -470.97403 -469.4745 -467.97498 -466.47543 -464.97592 -463.47638 -461.97687 -460.47733 -458.97778 -457.47827 -455.97873 -454.47922 -452.97968 -451.48016 -449.98062 -448.2551 -446.49557 -444.73602 -442.9765 -441.21698 -439.45743 -437.712 -436.136 -434.55997 -432.98117 -431.35922 -429.73727 -428.11536 -426.4934 -424.87146 -423.2495 -421.62756 -420.0056 -418.3038 -416.52136 -414.7389 -412.95645 -411.174 -409.39154 -407.6091 -405.82666 -404.0442 -401.9244 -399.57593 -397.22745 -394.87897 -392.5305
10e32 10e32 10e32 10e32 10e32 10e32 10e32 10e32 10e32 10e32 10e32 -498.7232 -497.35992 -495.9966 -494.63333 -493.27002 -491.90674 -490.17883 -488.25757 -486.3363 -484.41504 -482.49377 -480.57248 -478.70978 -477.21027 -475.71072 -474.2112 -472.71167 -471.21216 -469.71262 -468.21307 -466.71356 -465.21402 -463.7145 -462.21497 -460.71545 -459.2159 -457.71637 -456.21686 -454.71732 -453.13712 -451.37756 -449.61804 -447.85852 -446.09897 -444.33945 -442.5799 -440.82037 -439.15097 -437.5711 -435.94916 -434.3272 -432.70526 -431.06897 -429.28653 -427.50406 -425.72162 -423.93918 -422.1567 -420.37427 -418.59183 -416.80936 -415.02692 -413.24448 -411.462 -409.67957 -407.89713 -406.09027 -403.7418 -401.3933 -399.04483 -396.69635
10e32 10e32 10e32 10e32 10e32 10e32 10e32 10e32 10e32 10e32 10e32 10e32 10e32 -499.71463 -498.35132 -496.98804 -495.62473 -494.2191 -492.29782 -490.37653 -488.45526 -486.534 -484.946 -483.4465 -481.94696 -480.44745 -478.9479 -477.44836 -475.94885 -474.4493 -472.9498 -471.45026 -469.95074 -468.4512 -466.95166 -465.45215 -463.9526 -462.4531 -460.95355 -459.45404 -457.9545 -456.25958 -454.50006 -452.7405 -450.981 -449.22147 -447.4619 -445.7024 -443.94284 -442.06583 -440.26923 -438.4868 -436.70435 -434.92188 -433.13943 -431.357 -429.57452 -427.79208 -426.00964 -424.22717 -422.44473 -420.6623 -418.87982 -417.09738 -415.3149 -413.53247 -411.75003 -409.96756 -407.90765 -405.55917 -403.2107 -400.8622
10e32 10e32 10e32 10e32 10e32 10e32 10e32 10e32 10e32 10e32 10e32 10e32 10e32 10e32 10e32 10e32 -499.34274 -497.97946 -496.33804 -494.41678 -492.6818 -491.18225 -489.68274 -488.1832 -486.68365 -485.18414 -483.6846 -482.1851 -480.68555 -479.18604 -477.6865 -476.18695 -474.68744 -473.1879 -471.6884 -470.18884 -468.68933 -467.1898 -465.69025 -464.19073 -462.6912 -461.1416 -459.38208 -457.62253 -455.863 -454.10345 -452.34393 -450.43005 -448.33224 -446.224 -444.23517 -442.3714 -440.55725 -438.7748 -436.99234 -435.2099 -433.42743 -431.645 -429.86255 -428.08008 -426.29764 -424.5152 -422.73273 -420.9503 -419.16785 -417.38538 -415.60294 -413.8205 -412.03802 -409.72504 -407.37656 -405.02808
10e32 10e32 10e32 10e32 10e32 10e32 10e32 10e32 10e32 10e32 10e32 10e32 10e32 10e32 10e32 10e32 10e32 10e32 10e32 -498.9058 -497.4185 -495.91898 -494.41943 -492.9199 -491.42038 -489.92084 -488.42133 -486.92178 -485.42227 -483.92273 -482.4232 -480.92368 -479.42413 -477.92462 -476.42508 -474.92557 -473.42603 -471.92648 -470.42697 -468.92743 -467.42792 -465.92838 -464.26407 -462.50455 -460.74503 -458.80087 -456.70306 -454.60522 -452.50742 -450.39243 -448.26825 -446.40448 -444.54074 -442.67697 -440.84525 -439.0628 -437.28036 -435.4979 -433.71545 -431.933 -430.15054 -428.3681 -426.58566 -424.8032 -423.02075 -421.2383 -419.45584 -417.6734 -415.89096 -413.89093 -411.54242 -409.19394
10e32 10e32 10e32 10e32 10e32 10e32 10e32 10e32 10e32 10e32 10e32 10e32 10e32 10e32 10e32 10e32 10e32 10e32 10e32 10e32 10e32 10e32 -498.7639 -497.2877 -495.81146 -494.33527 -492.85907 -491.38287 -489.90668 -488.43048 -486.95425 -485.47806 -484.00186 -482.52567 -481.04947 -479.57324 -478.09705 -476.62085 -475.14465 -473.66415 -472.1646 -470.66507 -469.1461 -467.1717 -465.07388 -462.97604 -460.87823 -458.78043 -456.68262 -454.56085 -452.43588 -450.4376 -448.57382 -446.71008 -444.8463 -442.98254 -441.13327 -439.35083 -437.56836 -435.78592 -434.00348 -432.221 -430.43857 -428.65613 -426.87366 -425.09122 -423.30878 -421.5263 -419.74387 -417.9614 -415.7083 -413.3598
10e32 10e32 10e32 10e32 10e32 10e32 10e32 10e32 10e32 10e32 10e32 10e32 10e32 10e32 10e32 10e32 10e32 10e32 10e32 10e32 10e32 10e32 10e32 10e32 10e32 -498.62198 -497.14578 -495.6696 -494.19336 -492.71716 -491.24097 -489.76477 -488.28857 -486.81235 -485.33615 -483.85995 -482.38376 -480.90756 -479.43137 -477.95514 -476.47894 -475.00275 -473.31564 -471.34686 -469.24905 -467.15125 -465.05344 -462.95563 -460.85428 -458.7293 -456.6043 -454.47934 -452.6069 -450.74316 -448.8794 -447.01566 -445.1519 -443.28815 -441.42438 -439.63882 -437.85638 -436.07394 -434.29147 -432.50903 -430.72656 -428.94412 -427.16168 -425.3792 -423.59677 -421.81433 -419.87418 -417.5257
10e32 10e32 10e32 10e32 10e32 10e32 10e32 10e32 10e32 10e32 10e32 10e32 10e32 10e32 10e32 10e32 10e32 10e32 10e32 10e32 10e32 10e32 10e32 10e32 10e32 10e32 10e32 -499.95627 -498.48007 -497.00388 -495.52768 -494.05148 -492.57526 -491.09906 -489.62286 -488.14667 -486.67047 -485.19424 -483.71805 -482.24185 -480.76566 -479.08835 -477.34372 -475.52206 -473.42426 -471.32645 -469.22864 -467.13083 -465.02274 -462.89774 -460.77277 -458.64777 -456.64 -454.77625 -452.9125 -451.04874 -449.185 -447.32123 -445.45746 -443.59372 -441.72995 -439.92685 -438.14438 -436.36194 -434.5795 -432.79703 -431.0146 -429.23215 -427.44968 -425.66724 -423.8848 -421.69156
10e32 10e32 10e32 10e32 10e32 10e32 10e32 10e32 10e32 10e32 10e32 10e32 10e32 10e32 10e32 10e32 10e32 10e32 10e32 10e32 10e32 10e32 10e32 10e32 10e32 10e32 10e32 10e32 10e32 10e32 -499.81436 -498.33817 -496.86197 -495.38577 -493.90958 -492.43335 -490.95715 -489.48096 -488.00476 -486.52856 -484.86105 -483.11642 -481.37177 -479.62714 -477.59946 -475.50165 -473.4038 -471.306 -469.19116 -467.0662 -464.9412 -462.81622 -460.69122 -458.80933 -456.9456 -455.08182 -453.21808 -451.3543 -449.49057 -447.6268 -445.76306 -443.8993 -442.03552 -440.21484 -438.4324 -436.64996 -434.8675 -433.08505 -431.3026 -429.52014 -427.7377 -425.85742
10e32 10e32 10e32 10e32 10e32 10e32 10e32 10e32 10e32 10e32 10e32 10e32 10e32 10e32 10e32 10e32 10e32 10e32 10e32 10e32 10e32 10e32 10e32 10e32 10e32 10e32 10e32 10e32 10e32 10e32 10e32 10e32 10e32 -499.6725 -498.19626 -496.72006 -495.24387 -493.76767 -492.29147 -490.63376 -488.88913 -487.14447 -485.39984 -483.6552 -481.77463 -479.67682 -477.579 -475.4812 -473.3596 -471.23462 -469.10965 -466.98465 -464.85968 -462.84244 -460.97867 -459.11493 -457.25116 -455.38742 -453.52365 -451.65988 -449.79614 -447.93237 -446.06863 -444.20486 -442.34113 -440.50287 -438.72043 -436.93796 -435.15552 -433.37305 -431.5906 -429.80817
10e32 10e32 10e32 10e32 10e32 10e32 10e32 10e32 10e32 10e32 10e32 10e32 10e32 10e32 10e32 10e32 10e32 10e32 10e32 10e32 10e32 10e32 10e32 10e32 10e32 10e32 10e32 10e32 10e32 10e32 10e32 10e32 10e32 10e32 10e32 10e32 -499.53058 -498.05435 -496.40646 -494.66183 -492.91718 -491.17255 -489.4279 -487.68326 -485.93863 -483.85202 -481.7542 -479.653 -477.52805 -475.40305 -473.27808 -471.15308 -469.0281 -466.90314 -465.01178 -463.148 -461.28424 -459.4205 -457.55673 -455.693 -453.82922 -451.96548 -450.1017 -448.23795 -446.3742 -444.51044 -442.6467 -440.79086 -439.00842 -437.22598 -435.4435 -433.66107
10e32 10e32 10e32 10e32 10e32 10e32 10e32 10e32 10e32 10e32 10e32 10e32 10e32 10e32 10e32 10e32 10e32 10e32 10e32 10e32 10e32 10e32 10e32 10e32 10e32 10e32 10e32 10e32 10e32 10e32 10e32 10e32 10e32 10e32 10e32 10e32 10e32 10e32 10e32 -498.68988 -496.94522 -495.2006 -493.45596 -491.7113 -489.96667 -488.02722 -485.92938 -483.82147 -481.69647 -479.5715 -477.4465 -475.32153 -473.19653 -471.07156 -469.04486 -467.1811 -465.31735 -463.45358 -461.58984 -459.72607 -457.8623 -455.99857 -454.1348 -452.27106 -450.4073 -448.54355 -446.67978 -444.81604 -442.95227 -441.0885 -439.29645 -437.51398
10e32 10e32 10e32 10e32 10e32 10e32 10e32 10e32 10e32 10e32 10e32 10e32 10e32 10e32 10e32 10e32 10e32 10e32 10e32 10e32 10e32 10e32 10e32 10e32 10e32 10e32 10e32 10e32 10e32 10e32 10e32 10e32 10e32 10e32 10e32 10e32 10e32 10e32 10e32 10e32 10e32 -499.22864 -497.484 -495.73938 -493.99475 -492.2024 -490.10458 -487.9899 -485.86493 -483.73993 -481.61496 -479.48996 -477.365 -475.24 -473.11502 -471.2142 -469.35043 -467.48666 -465.62292 -463.75916 -461.89542 -460.03165 -458.1679 -456.30414 -454.4404 -452.57663 -450.71286 -448.84912 -446.98535 -445.1216 -443.25784 -441.3941
10e32 10e32 10e32 10e32 10e32 10e32 10e32 10e32 10e32 10e32 10e32 10e32 10e32 10e32 10e32 10e32 10e32 10e32 10e32 10e32 10e32 10e32 10e32 10e32 10e32 10e32 10e32 10e32 10e32 10e32 10e32 10e32 10e32 10e32 10e32 10e32 10e32 10e32 10e32 10e32 10e32 10e32 10e32 -499.76743 -498.0228 -496.27817 -494.2798 -492.15833 -490.03336 -487.9084 -485.7834 -483.65842 -481.53342 -479.40845 -477.28345 -475.24728 -473.3835 -471.51978 -469.656 -467.79227 -465.9285 -464.06473 -462.201 -460.33722 -458.47348 -456.6097 -454.74597 -452.8822 -451.01846 -449.1547 -447.29092 -445.4272
10e32 10e32 10e32 10e32 10e32 10e32 10e32 10e32 10e32 10e32 10e32 10e32 10e32 10e32 10e32 10e32 10e32 10e32 10e32 10e32 10e32 10e32 10e32 10e32 10e32 10e32 10e32 10e32 10e32 10e32 10e32 10e32 10e32 10e32 10e32 10e32 10e32 10e32 10e32 10e32 10e32 10e32 10e32 10e32 10e32 10e32 -498.45175 -496.32678 -494.20178 -492.0768 -489.95184 -487.82684 -485.70187 -483.57687 -481.4519 -479.3269 -477.41663 -475.55286 -473.6891 -471.82535 -469.96158 -468.09784 -466.23407 -464.37033 -462.50656 -460.64282 -458.77905 -456.91528 -455.05154 -453.18777 -451.32404 -449.46027
10e32 10e32 10e32 10e32 10e32 10e32 10e32 10e32 10e32 10e32 10e32 10e32 10e32 10e32 10e32 10e32 10e32 10e32 10e32 10e32 10e32 10e32 10e32 10e32 10e32 10e32 10e32 10e32 10e32 10e32 10e32 10e32 10e32 10e32 10e32 10e32 10e32 10e32 10e32 10e32 10e32 10e32 10e32 10e32 10e32 10e32 10e32 10e32 -498.37024 -496.24524 -494.12027 -491.99527 -489.8703 -487.74533 -485.62033 -483.49536 -481.4497 -479.58594 -477.7222 -475.85843 -473.9947 -472.13092 -470.26718 -468.4034 -466.53964 -464.6759 -462.81213 -460.9484 -459.08463 -457.2209 -455.33652 -453.32806
10e32 10e32 10e32 10e32 10e32 10e32 10e32 10e32 10e32 10e32 10e32 10e32 10e32 10e32 10e32 10e32 10e32 10e32 10e32 10e32 10e32 10e32 10e32 10e32 10e32 10e32 10e32 10e32 10e32 10e32 10e32 10e32 10e32 10e32 10e32 10e32 10e32 10e32 10e32 10e32 10e32 10e32 10e32 10e32 10e32 10e32 10e32 10e32 10e32 10e32 -498.2887 -496.16373 -494.03873 -491.91376 -489.7888 -487.6638 -485.53882 -483.61905 -481.75528 -479.8915 -478.02777 -476.164 -474.30026 -472.4365 -470.57275 -468.70898 -466.84525 -464.98148 -463.112 -461.10352 -459.09506 -457.0866
10e32 10e32 10e32 10e32 10e32 10e32 10e32 10e32 10e32 10e32 10e32 10e32 10e32 10e32 10e32 10e32 10e32 10e32 10e32 10e32 10e32 10e32 10e32 10e32 10e32 10e32 10e32 10e32 10e32 10e32 10e32 10e32 10e32 10e32 10e32 10e32 10e32 10e32 10e32 10e32 10e32 10e32 10e32 10e32 10e32 10e32 10e32 10e32 10e32 10e32 10e32 10e32 -498.20718 -496.08218 -493.9572 -491.83224 -489.70724 -487.65213 -485.78836 -483.92462 -482.06085 -480.1971 -478.33334 -476.4696 -474.60583 -472.74207 -470.87833 -468.879 -466.87054 -464.86206 -462.8536 -460.84512
