test/UKGEOS_Glasgow/EXPORTS/ASCII(5mCell)/Faults/Fault_f36_50m_GGERFS_Predrill(5m).asc
ncols 206
nrows 77
xllcenter 260000.0
yllcenter 661673.56
cellsize 5.0
nodata_value 10e32
[rows 27 to 53 of 77, columns 0 to 60 of 206]
-180.7546 -181.1059 -181.4572 -181.76424 -182.03217 -182.30011 -182.56804 -182.83597 -183.1039 -183.37183 -183.63977 -183.87357 -183.83868 -183.91238 -184.16711 -184.42184 -184.43756 -184.35036 -184.26314 -184.17592 -184.0887 -184.0015 -183.91428 -183.82706 -183.73984 -183.74826 -183.80765 -183.86702 -183.9264 -183.9858 -184.04518 -184.10455 -184.16394 -184.17526 -183.95146 -183.72766 -183.50386 -183.28006 -183.05627 -182.83247 -182.60867 -182.87727 -183.32991 -183.70297 -183.85849 -184.01402 -184.16954 -184.32506 -184.48059 -184.63611 -184.79163 -184.94922 -185.11736 -185.28549 -185.45361 -185.62175 -185.78989 -185.88023 -185.83635 -186.0792 -186.33517
-185.78078 -186.13206 -186.48337 -186.83467 -187.1781 -187.44603 -187.71396 -187.98189 -188.24982 -188.51775 -188.57185 -188.53699 -188.50212 -188.46724 -188.69656 -188.9513 -189.20602 -189.46074 -189.71547 -189.94615 -189.85893 -189.77171 -189.6845 -189.59729 -189.51007 -189.51114 -189.57053 -189.62991 -189.68929 -189.74867 -189.67352 -189.44972 -189.22594 -189.00214 -188.77834 -188.55453 -188.33073 -188.10693 -187.88313 -187.65935 -187.49841 -187.95105 -188.40369 -188.85632 -189.11263 -189.26814 -189.42366 -189.5792 -189.73471 -189.89024 -190.04576 -190.21387 -190.382 -190.55013 -190.71826 -190.8864 -191.05453 -191.22266 -191.25465 -191.51054 -191.2288
-190.80695 -191.15825 -191.50955 -191.86084 -192.21214 -192.56345 -192.85988 -193.1278 -193.30502 -193.27016 -193.23528 -193.20041 -193.16554 -193.13066 -193.22601 -193.48073 -193.73546 -193.99019 -194.24492 -194.49965 -194.75438 -195.0091 -195.26382 -195.36751 -195.28029 -195.27403 -195.3334 -195.1718 -194.948 -194.7242 -194.5004 -194.2766 -194.0528 -193.82901 -193.60521 -193.38141 -193.15761 -192.9338 -192.71 -192.48622 -192.5722 -193.02484 -193.47746 -193.9301 -194.36674 -194.52228 -194.6778 -194.83331 -194.98885 -195.14436 -195.31038 -195.47852 -195.64664 -195.81477 -195.98291 -196.15105 -196.31917 -196.4873 -196.4842 -196.15167 -195.78905
-195.83313 -196.18443 -196.53572 -196.88702 -197.23833 -197.58961 -197.85175 -197.99086 -197.96844 -197.93358 -197.89871 -197.86383 -197.82896 -197.7941 -197.75922 -198.01018 -198.26491 -198.51964 -198.77437 -199.02908 -199.28381 -199.53854 -199.79327 -200.048 -200.18336 -200.35962 -200.22246 -199.99867 -199.77487 -199.55107 -199.32727 -199.10347 -198.87967 -198.65588 -198.43208 -198.20828 -197.98448 -197.76068 -197.53688 -197.31308 -197.64598 -198.09862 -198.55125 -199.00389 -199.45653 -199.7764 -199.93193 -200.08745 -200.24297 -200.40689 -200.57503 -200.74315 -200.91129 -201.07942 -201.24756 -201.21126 -201.07295 -200.93465 -200.78247 -200.59027 -200.3084
-200.85931 -201.2106 -201.5619 -201.67027 -201.75244 -201.83463 -201.91681 -202.00536 -202.2137 -202.42203 -202.56213 -202.52725 -202.49239 -202.45752 -202.42265 -202.53963 -202.79436 -203.04907 -203.3038 -203.55853 -203.81326 -204.03764 -204.121 -204.20435 -204.2877 -204.45695 -204.72328 -204.82555 -204.60175 -204.37794 -204.15414 -203.93034 -203.70654 -203.48274 -203.25896 -203.03516 -202.81136 -202.58755 -202.36375 -202.26714 -202.71977 -203.1724 -203.62503 -204.07767 -204.5303 -204.98294 -205.18605 -205.34158 -205.5034 -205.67154 -205.83966 -206.0078 -205.9347 -205.79639 -205.65808 -205.51978 -205.38147 -205.24318 -205.08072 -204.88852 -204.69632
-205.48878 -205.57097 -205.65314 -205.73532 -205.8175 -205.89967 -205.98186 -206.06403 -206.2282 -206.43652 -206.64487 -206.85321 -207.06155 -207.12094 -207.08607 -207.06906 -207.32379 -207.57852 -207.83325 -207.97527 -208.05862 -208.14198 -208.22534 -208.3087 -208.39204 -208.5543 -208.82063 -209.08694 -209.35326 -209.20482 -208.98102 -208.75722 -208.53342 -208.30962 -208.08583 -207.86203 -207.63823 -207.41443 -207.19063 -207.34091 -207.79355 -208.24619 -208.69882 -209.15146 -209.60408 -210.05672 -210.44019 -210.59991 -210.76805 -210.65813 -210.51982 -210.38152 -210.24321 -210.1049 -209.9666 -209.82831 -209.69 -209.5517 -209.37898 -209.18678 -208.99458
-209.576 -209.63602 -209.71819 -209.80037 -209.88255 -209.96472 -210.0469 -210.12909 -210.24269 -210.45103 -210.65936 -210.8677 -211.07605 -211.2844 -211.49274 -211.70108 -211.82954 -211.91289 -211.99625 -212.0796 -212.16296 -212.24632 -212.32968 -212.41304 -212.4964 -212.65166 -212.91798 -213.1843 -213.4506 -213.71692 -213.80789 -213.58409 -213.36029 -213.13649 -212.91269 -212.6889 -212.4651 -212.2413 -212.0175 -212.4147 -212.86732 -213.31996 -213.7726 -214.22523 -214.67787 -215.13051 -215.25848 -215.24326 -215.10495 -214.96664 -214.82834 -214.69003 -214.55173 -214.41344 -214.27513 -214.13683 -213.99852 -213.86021 -213.67725 -213.48505 -213.29285
-213.68048 -213.7289 -213.78325 -213.86542 -213.9476 -214.02979 -214.11195 -214.19414 -214.2763 -214.46553 -214.67387 -214.8822 -215.09055 -215.29889 -215.50723 -215.71558 -215.8722 -216.01724 -216.10059 -216.18394 -216.2673 -216.35066 -216.43402 -216.51738 -216.60074 -216.74901 -217.01534 -217.28165 -217.54796 -217.81427 -218.0806 -218.34691 -218.18716 -217.96336 -217.73956 -217.51578 -217.29198 -217.06818 -217.03584 -217.48848 -217.94112 -218.39375 -218.84639 -219.29901 -219.43695 -219.33664 -219.29591 -219.30246 -219.30899 -219.27516 -219.13686 -218.99857 -218.86026 -218.72195 -218.58365 -218.44534 -218.30704 -218.16771 -217.97551 -217.78331 -217.5911
-217.78494 -217.83337 -217.88179 -217.93047 -218.01265 -218.09483 -218.177 -218.25919 -218.34137 -218.48003 -218.68837 -218.8967 -219.10504 -219.31339 -219.52173 -219.71045 -219.86127 -220.0121 -220.16292 -220.28828 -220.37164 -220.455 -220.53836 -220.62172 -220.70508 -220.84636 -221.11269 -221.379 -221.64531 -221.91162 -222.17793 -222.44426 -222.71057 -222.79024 -222.56644 -222.34264 -222.11885 -221.89505 -222.10963 -222.56226 -223.0149 -223.46753 -223.62038 -223.52007 -223.41974 -223.3268 -223.33334 -223.33989 -223.34644 -223.35297 -223.35951 -223.30708 -223.16878 -223.03047 -222.89217 -222.75386 -222.61555 -222.46597 -222.27376 -222.08156 -221.88936
-221.88942 -221.93784 -221.98627 -222.03468 -222.08311 -222.15988 -222.24205 -222.32423 -222.40642 -222.49452 -222.70287 -222.91121 -223.11954 -223.32788 -223.53622 -223.69952 -223.85036 -224.00117 -224.152 -224.30283 -224.45364 -224.55934 -224.6427 -224.72606 -224.80942 -224.94371 -225.21002 -225.47635 -225.74266 -226.00897 -226.27528 -226.54161 -226.80792 -227.07423 -227.34055 -227.16951 -226.94572 -226.73077 -227.18341 -227.63605 -227.8038 -227.70349 -227.60316 -227.50285 -227.40254 -227.36423 -227.37077 -227.37732 -227.38387 -227.39041 -227.39696 -227.40349 -227.41003 -227.33899 -227.20068 -227.06238 -226.92407 -226.76422 -226.57202 -226.37982 -226.18762
-225.99388 -226.04231 -226.09073 -226.13916 -226.18759 -226.23601 -226.30711 -226.38928 -226.47147 -226.55365 -226.71736 -226.9257 -227.13403 -227.34238 -227.53778 -227.68861 -227.83943 -227.99025 -228.14108 -228.2919 -228.44272 -228.59355 -228.74437 -228.8304 -228.91376 -229.04106 -229.30737 -229.5737 -229.84001 -230.10632 -230.37263 -230.63896 -230.90527 -231.17159 -231.4379 -231.70422 -231.77258 -231.80457 -231.98723 -231.88692 -231.7866 -231.68628 -231.58597 -231.48564 -231.39513 -231.40166 -231.4082 -231.41475 -231.4213 -231.42784 -231.43439 -231.44093 -231.44746 -231.45401 -231.46056 -231.3709 -231.2326 -231.06248 -230.87029 -230.67809 -230.48589
-230.09836 -230.14679 -230.1952 -230.24364 -230.29205 -230.34048 -230.3889 -230.45433 -230.53651 -230.6187 -230.73186 -230.9402 -231.14854 -231.35687 -231.52687 -231.67769 -231.8285 -231.97934 -232.13016 -232.28098 -232.43181 -232.58263 -232.73344 -232.88428 -233.0181 -233.13841 -233.40472 -233.67105 -233.93736 -234.20367 -234.46999 -234.73631 -234.99461 -235.24077 -235.48691 -235.73306 -235.97922 -236.07034 -235.97003 -235.8697 -235.7694 -235.66908 -235.56876 -235.46844 -235.43256 -235.4391 -235.44563 -235.45218 -235.45872 -235.46527 -235.47182 -235.47836 -235.48491 -235.49144 -235.49799 -235.50453 -235.51108 -235.35677 -235.15811 -234.95944 -234.76079
-234.20284 -234.25125 -234.29968 -234.3481 -234.39653 -234.44495 -234.49338 -234.5418 -234.60156 -234.68375 -234.76591 -234.9547 -235.16304 -235.36513 -235.51595 -235.66678 -235.8176 -235.96841 -236.11923 -236.27007 -236.42088 -236.5717 -236.72253 -236.87335 -237.01825 -237.17613 -237.39755 -237.64369 -237.88985 -238.136 -238.38216 -238.6283 -238.87445 -239.1206 -239.36674 -239.6129 -239.85905 -240.05315 -239.95282 -239.85251 -239.75218 -239.65187 -239.55156 -239.46344 -239.46999 -239.47653 -239.48308 -239.48961 -239.49615 -239.5027 -239.50925 -239.5158 -239.52234 -239.52888 -239.53542 -239.56847 -239.60825 -239.4716 -239.27295 -239.07428 -238.87563
-238.3073 -238.35573 -238.40414 -238.45258 -238.50099 -238.54942 -238.59784 -238.64627 -238.69469 -238.7488 -238.83098 -238.9692 -239.17754 -239.3542 -239.50504 -239.65585 -239.80667 -239.9575 -240.10832 -240.25914 -240.40735 -240.5474 -240.68745 -240.8275 -240.96754 -241.14644 -241.34282 -241.5392 -241.76968 -242.01584 -242.262 -242.50815 -242.75429 -243.00044 -243.2466 -243.49274 -243.73889 -243.98505 -243.93562 -243.8353 -243.73499 -243.63466 -243.53435 -243.50087 -243.50742 -243.51396 -243.52051 -243.52705 -243.53358 -243.54013 -243.54668 -243.55322 -243.55977 -243.5937 -243.6335 -243.67328 -243.71307 -243.58644 -243.38779 -243.18912 -242.99046
-242.41177 -242.46019 -242.50862 -242.55704 -242.60547 -242.65388 -242.70232 -242.75073 -242.79916 -242.84758 -242.89603 -242.98369 -243.19203 -243.34329 -243.49411 -243.64493 -243.79576 -243.9365 -244.07654 -244.2166 -244.35664 -244.49669 -244.63675 -244.7768 -244.92036 -245.11674 -245.31313 -245.5095 -245.70589 -245.90227 -246.14183 -246.38799 -246.63414 -246.88028 -247.12643 -247.37259 -247.61873 -247.86488 -247.91841 -247.8181 -247.71777 -247.61746 -247.53175 -247.5383 -247.54485 -247.55139 -247.55794 -247.56448 -247.57103 -247.57756 -247.5841 -247.61896 -247.65874 -247.69853 -247.73833 -247.7781 -247.8179 -247.70128 -247.50262 -247.30396 -247.1053
-246.51624 -246.56467 -246.61308 -246.66151 -246.70993 -246.75836 -246.80678 -246.85521 -246.90363 -246.95206 -247.00047 -247.0489 -247.18155 -247.32559 -247.46564 -247.60568 -247.74574 -247.88579 -248.02583 -248.1659 -248.30594 -248.44598 -248.58603 -248.72609 -248.89066 -249.08705 -249.28343 -249.47981 -249.6762 -249.87257 -250.06895 -250.26782 -250.51398 -250.76013 -251.00627 -251.25243 -251.49858 -251.74472 -251.9012 -251.80089 -251.70058 -251.60025 -251.5692 -251.57573 -251.58228 -251.58882 -251.59537 -251.60191 -251.60846 -251.6442 -251.68399 -251.72377 -251.76357 -251.80336 -251.84314 -251.88293 -251.92273 -251.81612 -251.61746 -251.4188 -251.22014
-250.61243 -250.66049 -250.70874 -250.757 -250.80525 -250.85352 -250.90176 -250.95003 -250.99828 -251.04652 -251.09479 -251.14304 -251.20111 -251.27489 -251.41493 -251.55498 -251.69504 -251.83508 -251.97513 -252.11517 -252.25523 -252.39528 -252.53532 -252.67538 -252.86096 -253.05734 -253.25372 -253.45012 -253.6465 -253.84288 -254.03926 -254.23564 -254.43202 -254.63997 -254.88612 -255.13226 -255.37842 -255.62457 -255.87071 -255.78368 -255.68336 -255.60008 -255.60663 -255.61317 -255.6197 -255.62625 -255.6328 -255.66945 -255.70923 -255.74902 -255.78882 -255.8286 -255.8684 -255.90819 -255.94797 -255.98776 -256.02756 -255.93095 -255.7323 -255.53363 -255.33498
-254.71689 -254.75443 -254.79938 -254.84764 -254.89589 -254.94415 -254.9924 -255.04066 -255.08891 -255.13716 -255.18542 -255.23367 -255.29312 -255.35753 -255.42194 -255.50427 -255.64432 -255.78438 -255.92442 -256.06448 -256.20453 -256.34457 -256.48462 -256.6349 -256.83127 -257.02765 -257.22403 -257.4204 -257.6168 -257.81317 -258.00955 -258.20596 -258.40234 -258.59872 -258.7951 -259.01212 -259.25827 -259.5044 -259.75055 -259.76648 -259.66617 -259.6375 -259.64404 -259.6506 -259.65714 -259.6947 -259.73447 -259.77426 -259.81406 -259.85385 -259.89365 -259.93344 -259.9732 -260.013 -260.0528 -260.0926 -260.1324 -260.0458 -259.84714 -259.64847 -259.4498
-258.82138 -258.8589 -258.89642 -258.93826 -258.98654 -259.0348 -259.08304 -259.1313 -259.17957 -259.2278 -259.27606 -259.3243 -259.38513 -259.44952 -259.51395 -259.57837 -259.64276 -259.73367 -259.87372 -260.01376 -260.1538 -260.29388 -260.43393 -260.6052 -260.80157 -260.99796 -261.19434 -261.39072 -261.5871 -261.78348 -261.97986 -262.17624 -262.37262 -262.56903 -262.7654 -262.9618 -263.15817 -263.38425 -263.6304 -263.74927 -263.6684 -263.67496 -263.6815 -263.71994 -263.75974 -263.7995 -263.8393 -263.8791 -263.91888 -263.95868 -263.99847 -264.03827 -264.07803 -264.11783 -264.15762 -264.19742 -264.2372 -264.16064 -263.96198 -263.7633 -263.57697
-262.92584 -262.96338 -263.00092 -263.03845 -263.07718 -263.12543 -263.17368 -263.22192 -263.2702 -263.31845 -263.3667 -263.41495 -263.47714 -263.54153 -263.60596 -263.67035 -263.73477 -263.7992 -263.8636 -263.96307 -264.10312 -264.24316 -264.3832 -264.5755 -264.77188 -264.96826 -265.16464 -265.36102 -265.5574 -265.75378 -265.95016 -266.14655 -266.34293 -266.5393 -266.73572 -266.9321 -267.12848 -267.32486 -267.52124 -267.73206 -267.70584 -267.74518 -267.78497 -267.82477 -267.86456 -267.90433 -267.94412 -267.98392 -268.0237 -268.0635 -268.1033 -268.14307 -268.18286 -268.22266 -268.26245 -268.30225 -268.34204 -268.27548 -268.0768 -267.90457 -267.7573
-267.0303 -267.06784 -267.10538 -267.1429 -267.18045 -267.218 -267.2643 -267.31256 -267.36084 -267.4091 -267.45734 -267.50558 -267.56912 -267.63354 -267.69797 -267.76236 -267.82678 -267.8912 -267.9556 -268.02002 -268.08444 -268.19247 -268.34943 -268.5458 -268.7422 -268.93857 -269.13495 -269.33133 -269.5277 -269.7241 -269.92047 -270.11386 -270.3039 -270.49393 -270.68396 -270.874 -271.06403 -271.25406 -271.4441 -271.63412 -271.70724 -271.75925 -271.81125 -271.86325 -271.91525 -271.96725 -272.01926 -272.07123 -272.12323 -272.16833 -272.20813 -272.2479 -272.2877 -272.32748 -272.36728 -272.40707 -272.44687 -272.39032 -272.2322 -272.0849 -271.9376
-271.1348 -271.17233 -271.20984 -271.24738 -271.2849 -271.32245 -271.36 -271.4032 -271.45148 -271.49973 -271.54797 -271.59674 -271.66113 -271.72556 -271.78998 -271.85437 -271.9188 -271.98322 -272.0476 -272.11203 -272.17642 -272.23767 -272.29974 -272.4623 -272.65234 -272.84238 -273.0324 -273.22244 -273.41248 -273.6025 -273.79257 -273.9826 -274.17264 -274.36267 -274.5527 -274.74274 -274.93277 -275.1228 -275.31284 -275.50287 -275.59787 -275.64987 -275.70187 -275.75388 -275.80588 -275.85788 -275.90988 -275.96185 -276.01385 -276.06586 -276.11786 -276.16986 -276.22186 -276.27386 -276.32587 -276.37787 -276.3639 -276.27765 -276.1808 -276.08286 -275.98492
-275.23926 -275.2768 -275.31433 -275.35187 -275.3894 -275.42694 -275.46445 -275.50198 -275.5421 -275.59036 -275.6386 -275.68875 -275.75314 -275.81757 -275.88196 -275.94638 -276.0108 -276.0752 -276.13678 -276.1971 -276.25745 -276.3115 -276.3484 -276.43045 -276.5697 -276.71112 -276.90115 -277.0912 -277.28122 -277.47125 -277.6613 -277.85132 -278.04135 -278.23138 -278.42142 -278.61145 -278.80148 -278.99152 -279.18155 -279.37158 -279.4885 -279.5405 -279.5925 -279.6445 -279.6965 -279.7485 -279.8005 -279.85248 -279.90448 -279.95648 -280.00848 -280.0605 -280.1125 -280.1645 -280.1469 -280.0572 -279.96838 -279.88397 -279.79874 -279.7008 -279.6029
-279.34372 -279.38126 -279.4188 -279.45633 -279.49387 -279.5314 -279.56894 -279.60648 -279.644 -279.68155 -279.72925 -279.78073 -279.84515 -279.90958 -279.97397 -280.03592 -280.09625 -280.15656 -280.2169 -280.27722 -280.33752 -280.3792 -280.41614 -280.45303 -280.5612 -280.7004 -280.83966 -280.9789 -281.14993 -281.33997 -281.53 -281.72006 -281.9101 -282.10013 -282.29016 -282.4802 -282.67023 -282.86026 -283.0503 -283.24033 -283.37912 -283.43112 -283.48312 -283.53513 -283.58713 -283.63913 -283.69113 -283.7431 -283.7951 -283.8471 -283.8991 -283.9511 -283.9299 -283.8402 -283.7505 -283.6608 -283.57468 -283.49026 -283.40582 -283.31876 -283.22086
-283.4482 -283.48575 -283.5233 -283.56082 -283.59833 -283.63586 -283.6734 -283.71094 -283.74847 -283.786 -283.82355 -283.87274 -283.93506 -283.99536 -284.0557 -284.11603 -284.17633 -284.23666 -284.297 -284.3573 -284.41006 -284.44696 -284.4839 -284.52078 -284.5577 -284.6919 -284.83115 -284.97037 -285.10962 -285.24887 -285.39874 -285.58878 -285.7788 -285.96884 -286.15887 -286.3489 -286.53894 -286.72897 -286.919 -287.10904 -287.26974 -287.32175 -287.37375 -287.42575 -287.47775 -287.52975 -287.58176 -287.63373 -287.68573 -287.73773 -287.7129 -287.6232 -287.5335 -287.44382 -287.3541 -287.2654 -287.18097 -287.09656 -287.01215 -286.9277 -286.8388
-287.55267 -287.5902 -287.62775 -287.66528 -287.70282 -287.74036 -287.77762 -287.81345 -287.84927 -287.88513 -287.92096 -287.9568 -288.01514 -288.07547 -288.1358 -288.1961 -288.25644 -288.31674 -288.37708 -288.4374 -288.47778 -288.5147 -288.5516 -288.58853 -288.62543 -288.68335 -288.8226 -288.96185 -289.1011 -289.24033 -289.37958 -289.51883 -289.65805 -289.8376 -290.02762 -290.21765 -290.40768 -290.59772 -290.78775 -290.97778 -291.16037 -291.21237 -291.26437 -291.31638 -291.36838 -291.42038 -291.47238 -291.52435 -291.4959 -291.40622 -291.3165 -291.2268 -291.13712 -291.0474 -290.9577 -290.8717 -290.7873 -290.70285 -290.61844 -290.534 -290.4496
-291.6558 -291.69162 -291.72745 -291.76328 -291.79913 -291.83496 -291.8708 -291.90662 -291.94244 -291.97827 -292.0141 -292.04993 -292.09525 -292.15555 -292.21588 -292.2762 -292.33652 -292.39685 -292.45718 -292.50864 -292.54553 -292.58246 -292.61935 -292.65628 -292.69318 -292.7301 -292.8141 -292.9533 -293.09256 -293.2318 -293.37106 -293.51028 -293.64954 -293.7888 -293.928 -294.08636 -294.2764 -294.46643 -294.65646 -294.8465 -295.03653 -295.103 -295.155 -295.207 -295.259 -295.311 -295.2789 -295.1892 -295.09952 -295.0098 -294.9201 -294.8304 -294.74072 -294.651 -294.56244 -294.478 -294.3936 -294.30914 -294.22473 -294.14032 -294.05588
