test/UKGEOS_Glasgow/EXPORTS/ASCII(5mCell)/Faults/Fault_Blythswood_50m_GGERFS_Predrill(5m).asc
ncols 516
nrows 229
xllcenter 260000.0
yllcenter 662430.06
cellsize 5.0
nodata_value 10e32
[rows 96 to 127 of 229, columns 360 to 431 of 516]
-462.5952 -460.57532 -458.45282 -456.33032 -454.20782 -452.08536 -449.96286 -447.84036 -445.71786 -443.5954 -441.4729 -439.3504 -437.2279 -434.95587 -432.62708 -430.29828 -427.96948 -425.6407 -423.3119 -420.71512 -418.04645 -415.3778 -412.70917 -410.04053 -407.3068 -404.53122 -401.7556 -398.98 -396.20444 -393.42828 -390.6519 -387.87546 -385.09903 -382.32263 -379.5462 -376.76978 -373.99338 -371.21695 -368.46588 -365.7443 -363.02274 -359.91324 -356.60693 -353.30063 -349.99432 -346.68802 -343.3817 -340.0754 -336.7691 -333.46283 -329.65652 -325.12482 -320.5931 -316.0614 -311.5297 -306.998 -302.80814 -298.9884 -295.16867 -291.34894 -287.5292 -283.36288 -278.28427 -273.2057 -268.12708 -263.0485 -257.96988 -252.80908 -247.36687 -241.92465 -236.48244 -231.04022
-466.35376 -464.3177 -462.1952 -460.0727 -457.9502 -455.82773 -453.70523 -451.58273 -449.46024 -447.33777 -445.21527 -443.09277 -440.97028 -438.8478 -436.7253 -434.4831 -432.1543 -429.8255 -427.4967 -425.05585 -422.3872 -419.71857 -417.04993 -414.3149 -411.53934 -408.76373 -405.98813 -403.21255 -400.43695 -397.66135 -394.88495 -392.10852 -389.3321 -386.5557 -383.77927 -381.00284 -378.22644 -375.45 -372.71716 -369.99557 -367.27402 -364.55243 -361.64944 -358.34314 -355.03683 -351.73053 -348.42426 -345.11795 -341.81165 -338.50534 -334.84583 -330.31412 -325.7824 -321.25067 -316.71896 -312.18726 -307.65555 -303.4672 -299.6475 -295.82776 -292.00803 -287.81226 -282.73364 -277.65506 -272.57645 -267.49786 -262.41925 -257.34067 -252.11623 -246.67401 -241.2318 -235.78958
-470.1123 -468.06003 -465.93756 -463.81506 -461.69257 -459.5701 -457.4476 -455.3251 -453.2026 -451.08014 -448.95764 -446.83514 -444.71265 -442.59018 -440.46768 -438.34518 -436.2227 -434.01028 -431.6815 -429.35272 -426.72797 -424.05933 -421.32303 -418.54742 -415.77185 -412.99625 -410.22067 -407.44507 -404.66946 -401.8939 -399.118 -396.34158 -393.56516 -390.78876 -388.01233 -385.2359 -382.4595 -379.69 -376.96844 -374.24686 -371.5253 -368.8037 -366.08212 -363.36057 -360.07938 -356.77307 -353.46677 -350.16046 -346.85416 -343.54785 -340.0351 -335.5034 -330.97168 -326.43997 -321.90826 -317.37656 -312.84485 -308.31314 -304.12628 -300.30655 -296.48685 -292.26163 -287.18304 -282.10443 -277.02585 -271.94724 -266.86865 -261.79004 -256.71146 -251.42337 -245.98116 -240.53894
-473.87085 -471.8024 -469.67993 -467.55743 -465.43494 -463.31244 -461.18997 -459.06747 -456.94498 -454.8225 -452.7 -450.5775 -448.45502 -446.33255 -444.21005 -442.08755 -439.96506 -437.8426 -435.7201 -433.5375 -431.06873 -428.33115 -425.55554 -422.77997 -420.00436 -417.2288 -414.4532 -411.67758 -408.902 -406.1264 -403.3508 -400.57465 -397.79822 -395.02182 -392.2454 -389.46896 -386.69257 -383.94128 -381.21973 -378.49814 -375.77658 -373.055 -370.3334 -367.61185 -364.89026 -361.81558 -358.50928 -355.203 -351.8967 -348.5904 -345.22437 -340.69266 -336.16095 -331.62924 -327.09753 -322.56583 -318.03412 -313.5024 -308.9707 -304.78537 -300.96564 -296.711 -291.63242 -286.5538 -281.47522 -276.3966 -271.31802 -266.2394 -261.16083 -256.0822 -250.73051 -245.2883
-477.6294 -475.54477 -473.4223 -471.2998 -469.1773 -467.0548 -464.93234 -462.80984 -460.68735 -458.56485 -456.44238 -454.3199 -452.1974 -450.07492 -447.95242 -445.82993 -443.70743 -441.58496 -439.46246 -437.25436 -434.98264 -432.55078 -429.7881 -427.01248 -424.23688 -421.4613 -418.6857 -415.91013 -413.13452 -410.35892 -407.58334 -404.8077 -402.0313 -399.25488 -396.47845 -393.70203 -390.92563 -388.19257 -385.471 -382.74942 -380.02783 -377.30627 -374.5847 -371.86313 -369.14154 -366.41998 -363.55182 -360.2455 -356.9392 -353.6329 -350.3266 -345.88193 -341.35022 -336.8185 -332.2868 -327.7551 -323.2234 -318.69168 -314.15997 -309.62827 -305.44446 -301.1604 -296.0818 -291.0032 -285.9246 -280.846 -275.7674 -270.6888 -265.6102 -260.53162 -255.453 -250.03766
-481.38794 -479.28714 -477.16467 -475.04218 -472.91968 -470.79718 -468.6747 -466.55222 -464.42972 -462.30722 -460.18475 -458.06226 -455.93976 -453.81726 -451.6948 -449.56857 -447.33118 -445.0938 -442.8564 -440.61905 -438.34564 -435.9138 -433.4819 -431.05005 -428.46942 -425.69382 -422.9182 -420.14264 -417.36703 -414.59146 -411.81586 -409.04025 -406.26437 -403.48795 -400.71152 -397.93512 -395.16544 -392.44385 -389.7223 -387.0007 -384.2791 -381.55756 -378.83597 -376.1144 -373.39282 -370.67126 -367.94968 -365.2281 -361.98175 -358.67545 -355.36914 -351.0712 -346.5395 -342.00778 -337.47607 -332.94437 -328.41266 -323.88095 -319.34924 -314.81754 -310.28583 -305.60977 -300.53116 -295.45258 -290.37396 -285.29538 -280.21677 -275.13818 -270.05957 -264.981 -259.90237 -254.78702
-485.14645 -483.0295 -480.90704 -478.78455 -476.66205 -474.53955 -472.41708 -470.2946 -468.1721 -466.0496 -463.92712 -461.80463 -459.6454 -457.408 -455.17062 -452.93323 -450.69586 -448.45847 -446.22107 -443.9837 -441.70865 -439.27676 -436.8449 -434.41302 -431.98117 -429.54932 -427.11743 -424.37515 -421.59958 -418.82397 -416.04837 -413.2728 -410.4972 -407.721 -404.94458 -402.16818 -399.41672 -396.69513 -393.97357 -391.25198 -388.5304 -385.80884 -383.08725 -380.3657 -377.6441 -374.92255 -372.20096 -369.47937 -366.7578 -363.71796 -360.41165 -356.26047 -351.72876 -347.19705 -342.66534 -338.13364 -333.60193 -329.02518 -324.25742 -319.48962 -314.72186 -309.88058 -304.89584 -299.88916 -294.82336 -289.74475 -284.66617 -279.58755 -274.50894 -269.43036 -264.35175 -259.27316
-488.89438 -486.77188 -484.6494 -482.52692 -480.40442 -478.28192 -476.15945 -474.03696 -471.91446 -469.7222 -467.4848 -465.24744 -463.01004 -460.77264 -458.53528 -456.29788 -454.06052 -451.82312 -449.58575 -447.34836 -445.07162 -442.63977 -440.20792 -437.77603 -435.34418 -432.9123 -430.48044 -428.04855 -425.6167 -423.0565 -420.2809 -417.5053 -414.7297 -411.95407 -409.17764 -406.40125 -403.668 -400.9464 -398.22482 -395.50327 -392.78168 -390.06012 -387.33853 -384.61697 -381.8954 -379.17383 -376.45224 -373.73065 -371.0091 -368.2875 -365.4542 -361.44977 -356.91806 -352.29367 -347.5259 -342.75812 -337.99036 -333.22256 -328.4548 -323.68704 -318.91925 -314.06613 -309.13913 -304.1338 -299.1271 -294.12042 -289.1137 -284.03693 -278.95834 -273.87973 -268.80115 -263.72253
-492.63675 -490.51425 -488.39175 -486.2693 -484.1468 -482.0243 -479.799 -477.5616 -475.32422 -473.08685 -470.84946 -468.6121 -466.3747 -464.13733 -461.89993 -459.66257 -457.42517 -455.18777 -452.9504 -450.713 -448.43463 -446.00278 -443.5709 -441.13904 -438.70715 -436.2753 -433.8434 -431.41156 -428.9797 -426.54782 -424.11597 -421.68408 -418.96225 -416.18665 -413.4107 -410.64084 -407.91928 -405.1977 -402.4761 -399.75455 -397.03296 -394.3114 -391.5898 -388.86826 -386.14667 -383.42508 -380.70352 -377.94165 -375.1771 -372.41257 -369.648 -366.0266 -361.25885 -356.49106 -351.7233 -346.95554 -342.18774 -337.41998 -332.6522 -327.88443 -323.11664 -318.25165 -313.32468 -308.37842 -303.37173 -298.36505 -293.35837 -288.35168 -283.34497 -278.3291 -273.25052 -268.1719
-496.37912 -494.25662 -492.1132 -489.8758 -487.63843 -485.40103 -483.16367 -480.92627 -478.6889 -476.4515 -474.21414 -471.97675 -469.73935 -467.50198 -465.2646 -463.02722 -460.78983 -458.55246 -456.31506 -454.0777 -451.79764 -449.36575 -446.9339 -444.502 -442.07016 -439.6383 -437.20642 -434.77457 -432.34268 -429.91083 -427.47894 -425.0471 -422.6152 -420.18335 -417.6436 -414.89212 -412.17056 -409.44897 -406.69037 -403.9258 -401.16125 -398.3967 -395.63217 -392.8676 -390.10306 -387.33853 -384.57397 -381.80942 -379.0449 -376.28033 -373.51578 -369.54178 -365.45624 -360.68848 -355.9207 -351.15292 -346.38513 -341.61737 -336.84958 -332.08182 -327.31403 -322.4372 -317.51022 -312.58322 -307.61636 -302.60968 -297.603 -292.5963 -287.58963 -282.58295 -277.57623 -272.56955
-499.9526 -497.71524 -495.47784 -493.24048 -491.00308 -488.76572 -486.52832 -484.29092 -482.05356 -479.81616 -477.5788 -475.3414 -473.10403 -470.86664 -468.62927 -466.39188 -464.15448 -461.9171 -459.67972 -457.44235 -455.1606 -452.72876 -450.2969 -447.86502 -445.43317 -443.00128 -440.56943 -438.13754 -435.7057 -433.2738 -430.84195 -428.4101 -425.9782 -423.54636 -421.14883 -418.7284 -416.08722 -413.32266 -410.55814 -407.79358 -405.02902 -402.2645 -399.49994 -396.73538 -393.97083 -391.2063 -388.44174 -385.6772 -382.91266 -380.1481 -377.09604 -373.04065 -368.98526 -364.88586 -360.11807 -355.3503 -350.58252 -345.81476 -341.04697 -336.2792 -331.5114 -326.62274 -321.69574 -316.76877 -311.84177 -306.8543 -301.84763 -296.84094 -291.83426 -286.82758 -281.8209 -276.81418
10e32 10e32 -498.8425 -496.60513 -494.36774 -492.13037 -489.89297 -487.6556 -485.4182 -483.18085 -480.94345 -478.70605 -476.4687 -474.2313 -471.99393 -469.75653 -467.51917 -465.28177 -463.0444 -460.807 -458.52362 -456.09177 -453.65988 -451.22803 -448.79614 -446.3643 -443.9324 -441.50055 -439.0687 -436.6368 -434.20496 -431.77307 -429.34122 -426.952 -424.6343 -422.18063 -419.71875 -417.19046 -414.4259 -411.66135 -408.8968 -406.13226 -403.3677 -400.60315 -397.83862 -395.07407 -392.3095 -389.54498 -386.78043 -384.01587 -380.5949 -376.53952 -372.48413 -368.42874 -364.31546 -359.5477 -354.7799 -350.01215 -345.2444 -340.4766 -335.70883 -330.8083 -325.8813 -320.9543 -316.0273 -311.09897 -306.0923 -301.08557 -296.0789 -291.0722 -286.06552 -281.05884
10e32 10e32 10e32 -499.9698 -497.73242 -495.49503 -493.25763 -491.02026 -488.78287 -486.5455 -484.3081 -482.07074 -479.83334 -477.59598 -475.35858 -473.1212 -470.88382 -468.64642 -466.40906 -464.17166 -461.88663 -459.45474 -457.0229 -454.591 -452.15915 -449.7273 -447.2954 -444.86356 -442.43167 -439.99982 -437.56793 -435.13608 -432.7552 -430.43747 -428.09476 -425.63287 -423.171 -420.7091 -418.24725 -415.5291 -412.7646 -410.00003 -407.23547 -404.47092 -401.7064 -398.94183 -396.17728 -393.41275 -390.6482 -387.88364 -384.09378 -380.0384 -375.983 -371.9276 -367.87222 -363.7451 -358.97733 -354.20953 -349.44177 -344.67398 -339.90622 -334.99384 -330.06683 -325.13983 -320.21286 -315.28586 -310.3369 -305.33023 -300.32352 -295.31683 -290.31015 -285.30347
10e32 10e32 10e32 10e32 10e32 -498.85968 -496.6223 -494.38492 -492.14755 -489.91016 -487.67276 -485.4354 -483.198 -480.96063 -478.72324 -476.48587 -474.24847 -472.0111 -469.7737 -467.53632 -465.2496 -462.81775 -460.3859 -457.954 -455.52216 -453.09027 -450.65842 -448.22653 -445.79468 -443.3628 -440.93094 -438.55835 -436.24066 -433.92294 -431.547 -429.0851 -426.62323 -424.16135 -421.69946 -419.2376 -416.63235 -413.8678 -411.10324 -408.3387 -405.57416 -402.8096 -400.04507 -397.28052 -394.51596 -391.64804 -387.59265 -383.53726 -379.48187 -375.42648 -371.3711 -367.3157 -363.1747 -358.40692 -353.63916 -348.87137 -344.1036 -339.17938 -334.25238 -329.32538 -324.3984 -319.4714 -314.5444 -309.57486 -304.56818 -299.5615 -294.55478 -289.5481
10e32 10e32 10e32 10e32 10e32 10e32 -499.98697 -497.74957 -495.5122 -493.2748 -491.03745 -488.80005 -486.56268 -484.3253 -482.0879 -479.85052 -477.61313 -475.37576 -473.13837 -470.901 -468.6126 -466.18076 -463.74887 -461.31702 -458.88513 -456.45328 -454.0214 -451.58954 -449.15768 -446.7258 -444.3615 -442.04382 -439.7261 -437.40842 -434.99924 -432.53735 -430.07547 -427.6136 -425.1517 -422.68985 -420.22797 -417.73557 -414.97104 -412.20648 -409.44193 -406.67737 -403.91284 -401.1483 -398.38373 -395.1469 -391.09152 -387.03613 -382.98074 -378.92535 -374.86996 -370.81458 -366.7592 -362.6043 -357.83655 -353.06876 -348.29193 -343.36493 -338.43793 -333.51093 -328.58392 -323.65695 -318.72995 -313.80295 -308.8128 -303.80612 -298.79944 -293.79276
10e32 10e32 10e32 10e32 10e32 10e32 10e32 10e32 -498.87686 -496.63947 -494.4021 -492.1647 -489.92734 -487.68994 -485.45258 -483.21518 -480.9778 -478.74042 -476.50302 -474.26566 -471.97562 -469.54373 -467.11188 -464.68 -462.24814 -459.81628 -457.3844 -454.95255 -452.52066 -450.16467 -447.847 -445.5293 -443.21158 -440.8939 -438.45148 -435.9896 -433.5277 -431.06583 -428.60394 -426.14206 -423.6802 -421.21832 -418.75644 -416.07425 -413.3097 -410.54517 -407.7806 -405.01605 -402.2515 -398.64578 -394.5904 -390.535 -386.4796 -382.42422 -378.36884 -374.31345 -370.25806 -366.20267 -362.03394 -357.26617 -352.47748 -347.55048 -342.62347 -337.69647 -332.76947 -327.8425 -322.9155 -317.9885 -313.05743 -308.05075 -303.04407 -297.9426
10e32 10e32 10e32 10e32 10e32 10e32 10e32 10e32 10e32 10e32 -497.76675 -495.5294 -493.292 -491.0546 -488.81723 -486.57983 -484.34247 -482.10507 -479.8677 -477.6303 -475.3386 -472.90674 -470.47488 -468.043 -465.61115 -463.17926 -460.7474 -458.31552 -455.96783 -453.65015 -451.33246 -449.01474 -446.69705 -444.3656 -441.90372 -439.44183 -436.97995 -434.51807 -432.05618 -429.5943 -427.13242 -424.67056 -422.20868 -419.7468 -417.17746 -414.41293 -411.64838 -408.88382 -406.1193 -402.14465 -398.08926 -394.03387 -389.9785 -385.9231 -381.8677 -377.81232 -373.75693 -369.70154 -365.64615 -361.46356 -356.66302 -351.73602 -346.80902 -341.88202 -336.95502 -332.028 -327.10104 -322.17404 -317.24704 -312.29538 -307.20108 -301.96564
10e32 10e32 10e32 10e32 10e32 10e32 10e32 10e32 10e32 10e32 10e32 -498.89404 -496.65665 -494.41928 -492.1819 -489.94452 -487.70712 -485.46973 -483.23236 -480.99496 -478.7016 -476.26974 -473.83786 -471.406 -468.97412 -466.54227 -464.11038 -461.771 -459.4533 -457.13562 -454.81793 -452.5002 -450.18253 -447.81784 -445.35596 -442.89407 -440.4322 -437.9703 -435.50842 -433.04654 -430.58466 -428.12277 -425.66092 -423.19904 -420.73715 -418.27527 -415.51614 -412.7516 -409.69894 -405.64355 -401.58813 -397.53275 -393.47736 -389.42197 -385.36658 -381.3112 -377.2558 -373.2004 -369.14502 -365.08963 -360.80203 -355.85376 -350.90552 -345.95724 -341.009 -336.06073 -331.1125 -326.1642 -321.21597 -316.2677 -311.22412 -305.98868
10e32 10e32 10e32 10e32 10e32 10e32 10e32 10e32 10e32 10e32 10e32 10e32 10e32 -497.78394 -495.54654 -493.30917 -491.07178 -488.8344 -486.59702 -484.35965 -482.0646 -479.63272 -477.20087 -474.76898 -472.33713 -469.90527 -467.5742 -465.25647 -462.93878 -460.6211 -458.3034 -455.9857 -453.668 -451.27005 -448.8082 -446.3463 -443.88443 -441.42255 -438.96066 -436.49878 -434.0369 -431.575 -429.11316 -426.65128 -424.1894 -421.7275 -419.26562 -416.6194 -413.1978 -409.14243 -405.08704 -401.03162 -396.97623 -392.90195 -388.827 -384.75204 -380.6771 -376.60214 -372.5272 -368.45224 -364.2071 -359.51624 -354.568 -349.61972 -344.67148 -339.7232 -334.77496 -329.8267 -324.87845 -319.93524 -315.04416 -309.94354
10e32 10e32 10e32 10e32 10e32 10e32 10e32 10e32 10e32 10e32 10e32 10e32 10e32 10e32 -498.91122 -496.67383 -494.43643 -492.19907 -489.96167 -487.7243 -485.42758 -482.99573 -480.56387 -478.132 -475.70013 -473.37735 -471.05966 -468.74194 -466.42426 -464.10657 -461.78885 -459.47116 -457.15347 -454.7223 -452.26044 -449.79855 -447.33667 -444.8748 -442.4129 -439.95102 -437.48914 -435.02725 -432.56537 -430.10352 -427.64163 -425.17975 -422.71786 -420.26196 -416.63602 -412.56107 -408.4861 -404.41116 -400.3362 -396.26123 -392.18628 -388.11133 -384.03638 -379.96143 -375.88647 -371.81152 -367.51105 -363.03302 -358.23047 -353.2822 -348.33395 -343.38568 -338.43744 -333.48917 -328.54092 -323.60477 -318.7137 -313.75302
10e32 10e32 10e32 10e32 10e32 10e32 10e32 10e32 10e32 10e32 10e32 10e32 10e32 10e32 10e32 10e32 -497.80112 -495.56372 -493.32635 -491.08896 -488.7906 -486.35873 -483.92685 -481.4982 -479.1805 -476.86282 -474.5451 -472.22742 -469.90973 -467.59204 -465.27432 -462.95663 -460.6364 -458.17453 -455.71265 -453.2508 -450.7889 -448.32703 -445.86514 -443.40326 -440.94138 -438.4795 -436.0176 -433.55573 -431.09387 -428.632 -426.19107 -423.47385 -419.98083 -415.92035 -411.8454 -407.77045 -403.6955 -399.6205 -395.54556 -391.4706 -387.39566 -383.3207 -379.24576 -375.1708 -370.81503 -366.337 -361.85895 -356.94467 -351.99643 -347.04816 -342.0999 -337.15164 -332.2034 -327.27432 -322.38327 -317.49222
10e32 10e32 10e32 10e32 10e32 10e32 10e32 10e32 10e32 10e32 10e32 10e32 10e32 10e32 10e32 10e32 10e32 -498.92838 -496.691 -494.4536 -492.1536 -489.7217 -487.30136 -484.98367 -482.666 -480.3483 -478.03058 -475.7129 -473.3952 -471.07748 -468.7598 -466.4421 -464.08865 -461.62677 -459.1649 -456.703 -454.24115 -451.77927 -449.31738 -446.8555 -444.39362 -441.93173 -439.46985 -437.00797 -434.55624 -432.1202 -429.6842 -426.5182 -423.02518 -419.27963 -415.20468 -411.12973 -407.05478 -402.97983 -398.90485 -394.8299 -390.75494 -386.68 -382.60504 -378.5301 -374.11902 -369.64096 -365.16293 -360.60715 -355.6589 -350.71063 -345.7624 -340.81412 -335.86588 -330.94388 -326.05283 -321.16174
10e32 10e32 10e32 10e32 10e32 10e32 10e32 10e32 10e32 10e32 10e32 10e32 10e32 10e32 10e32 10e32 10e32 10e32 10e32 -497.81827 -495.5166 -493.10455 -490.78683 -488.46915 -486.15146 -483.83374 -481.51605 -479.19836 -476.88068 -474.56296 -472.24527 -469.92758 -467.5409 -465.079 -462.61713 -460.15524 -457.6934 -455.2315 -452.76962 -450.30774 -447.84586 -445.38397 -442.9221 -440.48535 -438.04935 -435.61334 -433.05554 -429.56253 -426.06952 -422.5765 -418.56396 -414.489 -410.41406 -406.3391 -402.26413 -398.18918 -394.11423 -390.03928 -385.96432 -381.88937 -377.42297 -372.94495 -368.46692 -363.98886 -359.32135 -354.3731 -349.42484 -344.4766 -339.52835 -334.61343 -329.72238 -324.8313
10e32 10e32 10e32 10e32 10e32 10e32 10e32 10e32 10e32 10e32 10e32 10e32 10e32 10e32 10e32 10e32 10e32 10e32 10e32 10e32 -498.9077 -496.59 -494.2723 -491.95462 -489.63693 -487.3192 -485.00153 -482.68384 -480.36615 -478.04843 -475.73074 -473.41306 -470.99313 -468.53125 -466.06937 -463.60748 -461.1456 -458.68375 -456.22186 -453.75998 -451.2981 -448.85052 -446.4145 -443.9785 -441.54248 -439.10645 -436.09988 -432.60687 -429.11386 -425.62085 -421.92325 -417.8483 -413.77335 -409.6984 -405.62344 -401.54846 -397.4735 -393.39856 -389.3236 -385.205 -380.72696 -376.24893 -371.77087 -367.29285 -362.8148 -358.03558 -353.0873 -348.13907 -343.1908 -338.283 -333.3919 -328.50085
10e32 10e32 10e32 10e32 10e32 10e32 10e32 10e32 10e32 10e32 10e32 10e32 10e32 10e32 10e32 10e32 10e32 10e32 10e32 10e32 10e32 10e32 -497.75778 -495.4401 -493.1224 -490.8047 -488.487 -486.1693 -483.8516 -481.5339 -479.21622 -476.89853 -474.44537 -471.9835 -469.5216 -467.05972 -464.59784 -462.13596 -459.6741 -457.21567 -454.77963 -452.34363 -449.90762 -447.47162 -445.03558 -442.59958 -439.14423 -435.6512 -432.1582 -428.6652 -425.17218 -421.20758 -417.13263 -413.05768 -408.98273 -404.90775 -400.8328 -396.75784 -392.6829 -388.50897 -384.03094 -379.5529 -375.07486 -370.5968 -366.11877 -361.64075 -356.7498 -351.80154 -346.85327 -341.95255 -337.06146 -332.1704
10e32 10e32 10e32 10e32 10e32 10e32 10e32 10e32 10e32 10e32 10e32 10e32 10e32 10e32 10e32 10e32 10e32 10e32 10e32 10e32 10e32 10e32 10e32 -498.92557 -496.60785 -494.29016 -491.97247 -489.6548 -487.33707 -485.01938 -482.7017 -480.3595 -477.8976 -475.43573 -472.97385 -470.51196 -468.05008 -465.5882 -463.1448 -460.70877 -458.27277 -455.83676 -453.40073 -450.96472 -448.52872 -445.68158 -442.18857 -438.69556 -435.20255 -431.70953 -428.21652 -424.56686 -420.4919 -416.41696 -412.342 -408.26706 -404.19208 -400.11713 -396.04218 -391.81296 -387.3349 -382.85687 -378.3788 -373.9008 -369.42276 -364.9447 -360.41226 -355.46402 -350.51575 -345.6221 -340.73102 -335.83997
10e32 10e32 10e32 10e32 10e32 10e32 10e32 10e32 10e32 10e32 10e32 10e32 10e32 10e32 10e32 10e32 10e32 10e32 10e32 10e32 10e32 10e32 10e32 10e32 10e32 -497.77563 -495.45795 -493.14023 -490.82254 -488.50485 -486.18716 -483.81174 -481.34985 -478.88797 -476.4261 -473.9642 -471.50995 -469.0739 -466.6379 -464.2019 -461.7659 -459.32986 -456.89386 -454.45786 -452.02182 -448.72592 -445.2329 -441.7399 -438.2469 -434.75388 -431.26086 -427.76785 -423.8512 -419.77625 -415.7013 -411.62634 -407.55136 -403.4764 -399.40146 -395.1169 -390.6389 -386.16083 -381.6828 -377.20477 -372.7267 -368.2487 -363.77063 -359.1265 -354.1827 -349.29163 -344.40057 -339.50952
10e32 10e32 10e32 10e32 10e32 10e32 10e32 10e32 10e32 10e32 10e32 10e32 10e32 10e32 10e32 10e32 10e32 10e32 10e32 10e32 10e32 10e32 10e32 10e32 10e32 10e32 -498.94342 -496.6257 -494.308 -491.99033 -489.67264 -487.26398 -484.8021 -482.3402 -479.87833 -477.4391 -475.00305 -472.56705 -470.13104 -467.695 -465.259 -462.823 -460.38696 -457.95096 -455.26328 -451.77026 -448.27725 -444.78424 -441.29123 -437.79825 -434.30524 -430.81223 -427.21048 -423.13553 -419.06058 -414.98563 -410.91064 -406.8357 -402.76074 -398.4209 -393.94284 -389.4648 -384.9868 -380.50873 -376.0307 -371.55264 -367.07462 -362.5966 -357.85226 -352.96118 -348.07013 -343.17908
10e32 10e32 10e32 10e32 10e32 10e32 10e32 10e32 10e32 10e32 10e32 10e32 10e32 10e32 10e32 10e32 10e32 10e32 10e32 10e32 10e32 10e32 10e32 10e32 10e32 10e32 10e32 10e32 -497.7935 -495.4758 -493.15808 -490.7162 -488.25433 -485.80423 -483.3682 -480.9322 -478.4962 -476.06018 -473.62415 -471.18814 -468.75214 -466.3161 -463.8801 -461.4441 -458.30762 -454.8146 -451.32162 -447.8286 -444.3356 -440.8426 -437.34958 -433.85657 -430.36356 -426.4948 -422.41986 -418.3449 -414.26996 -410.19498 -406.12003 -401.72485 -397.24683 -392.7688 -388.29074 -383.8127 -379.33466 -374.85663 -370.3786 -365.90054 -361.56396 -356.65198 -351.74 -346.8486
10e32 10e32 10e32 10e32 10e32 10e32 10e32 10e32 10e32 10e32 10e32 10e32 10e32 10e32 10e32 10e32 10e32 10e32 10e32 10e32 10e32 10e32 10e32 10e32 10e32 10e32 10e32 10e32 10e32 -498.96127 -496.6303 -494.16937 -491.73337 -489.29733 -486.86133 -484.42532 -481.9893 -479.55328 -477.11728 -474.68124 -472.24524 -469.80923 -467.3732 -464.845 -461.352 -457.85898 -454.36597 -450.87296 -447.37994 -443.88693 -440.39392 -436.9009 -433.4079 -429.8541 -425.77914 -421.7042 -417.62924 -413.55426 -409.4793 -405.02884 -400.5508 -396.07275 -391.59473 -387.11667 -382.63864 -378.1606 -373.7035 -369.4922 -365.28085 -360.4062 -355.4942 -350.58224
10e32 10e32 10e32 10e32 10e32 10e32 10e32 10e32 10e32 10e32 10e32 10e32 10e32 10e32 10e32 10e32 10e32 10e32 10e32 10e32 10e32 10e32 10e32 10e32 10e32 10e32 10e32 10e32 10e32 10e32 10e32 -497.66248 -495.22647 -492.79047 -490.35446 -487.91843 -485.48242 -483.04642 -480.61038 -478.17438 -475.73837 -473.30234 -470.86633 -467.88934 -464.39633 -460.90332 -457.4103 -453.9173 -450.4243 -446.93127 -443.43826 -439.94525 -436.45224 -432.95923 -429.13843 -425.06348 -420.98853 -416.91357 -412.81085 -408.33282 -403.85477 -399.37674 -394.89868 -390.42065 -385.94263 -381.5301 -377.31876 -373.10742 -368.8961 -364.1604 -359.2484 -354.33646
10e32 10e32 10e32 10e32 10e32 10e32 10e32 10e32 10e32 10e32 10e32 10e32 10e32 10e32 10e32 10e32 10e32 10e32 10e32 10e32 10e32 10e32 10e32 10e32 10e32 10e32 10e32 10e32 10e32 10e32 10e32 10e32 -498.7196 -496.28357 -493.84756 -491.41156 -488.97552 -486.53952 -484.10352 -481.66748 -479.23148 -476.79547 -474.35947 -470.9337 -467.44067 -463.94766 -460.45465 -456.96164 -453.46863 -449.97562 -446.4826 -442.9896 -439.49658 -436.00357 -432.4977 -428.42276 -424.3478 -420.27286 -416.11484 -411.63678 -407.15875 -402.6807 -398.20267 -393.72464 -389.3567 -385.14536 -380.93402 -376.7227 -372.51135 -367.9146 -363.00262 -358.09067
