test/UKGEOS_Glasgow/EXPORTS/ASCII(5mCell)/Faults/Fault_Shettleston_50m_GGERFS_Predrill(5m).asc
ncols 1001
nrows 285
xllcenter 260000.0
yllcenter 663576.56
cellsize 5.0
nodata_value 10e32
[rows 192 to 223 of 285, columns 792 to 863 of 1001]
10e32 10e32 10e32 10e32 10e32 10e32 10e32 10e32 10e32 10e32 10e32 10e32 10e32 10e32 10e32 10e32 10e32 10e32 10e32 10e32 10e32 10e32 10e32 10e32 10e32 10e32 10e32 10e32 10e32 10e32 10e32 10e32 10e32 10e32 10e32 10e32 10e32 10e32 10e32 10e32 10e32 10e32 10e32 10e32 10e32 10e32 10e32 10e32 10e32 10e32 10e32 10e32 10e32 10e32 10e32 10e32 10e32 10e32 10e32 10e32 10e32 10e32 10e32 10e32 10e32 10e32 10e32 10e32 10e32 10e32 10e32 10e32
10e32 10e32 10e32 10e32 10e32 10e32 10e32 10e32 10e32 10e32 10e32 10e32 10e32 10e32 10e32 10e32 10e32 10e32 10e32 10e32 10e32 10e32 10e32 10e32 10e32 10e32 10e32 10e32 10e32 10e32 10e32 10e32 10e32 10e32 10e32 10e32 10e32 10e32 10e32 10e32 10e32 10e32 10e32 10e32 10e32 10e32 10e32 10e32 10e32 10e32 10e32 10e32 10e32 10e32 10e32 10e32 10e32 10e32 10e32 10e32 10e32 10e32 10e32 10e32 10e32 10e32 10e32 10e32 10e32 10e32 10e32 10e32
10e32 10e32 10e32 10e32 10e32 10e32 10e32 10e32 10e32 10e32 10e32 10e32 10e32 10e32 10e32 10e32 10e32 10e32 10e32 10e32 10e32 10e32 10e32 10e32 10e32 10e32 10e32 10e32 10e32 10e32 10e32 10e32 10e32 10e32 10e32 10e32 10e32 10e32 10e32 10e32 10e32 10e32 10e32 10e32 10e32 10e32 10e32 10e32 10e32 10e32 10e32 10e32 10e32 10e32 10e32 10e32 10e32 10e32 10e32 10e32 10e32 10e32 10e32 10e32 10e32 10e32 10e32 10e32 10e32 10e32 10e32 10e32
10e32 10e32 10e32 10e32 10e32 10e32 10e32 10e32 10e32 10e32 10e32 10e32 10e32 10e32 10e32 10e32 10e32 10e32 10e32 10e32 10e32 10e32 10e32 10e32 10e32 10e32 10e32 10e32 10e32 10e32 10e32 10e32 10e32 10e32 10e32 10e32 10e32 10e32 10e32 10e32 10e32 10e32 10e32 10e32 10e32 10e32 10e32 10e32 10e32 10e32 10e32 10e32 10e32 10e32 10e32 10e32 10e32 10e32 10e32 10e32 10e32 10e32 10e32 10e32 10e32 10e32 10e32 10e32 10e32 10e32 10e32 10e32
10e32 10e32 10e32 10e32 10e32 10e32 10e32 10e32 10e32 10e32 10e32 10e32 10e32 10e32 10e32 10e32 10e32 10e32 10e32 10e32 10e32 10e32 10e32 10e32 10e32 10e32 10e32 10e32 10e32 10e32 10e32 10e32 10e32 10e32 10e32 10e32 10e32 10e32 10e32 10e32 10e32 10e32 10e32 10e32 10e32 10e32 10e32 10e32 10e32 10e32 10e32 10e32 10e32 10e32 10e32 10e32 10e32 10e32 10e32 10e32 10e32 10e32 10e32 10e32 10e32 10e32 10e32 10e32 10e32 10e32 10e32 10e32
10e32 10e32 10e32 10e32 10e32 10e32 10e32 10e32 10e32 10e32 10e32 10e32 10e32 10e32 10e32 10e32 10e32 10e32 10e32 10e32 10e32 10e32 10e32 10e32 10e32 10e32 10e32 10e32 10e32 10e32 10e32 10e32 10e32 10e32 10e32 10e32 10e32 10e32 10e32 10e32 10e32 10e32 10e32 10e32 10e32 10e32 10e32 10e32 10e32 10e32 10e32 10e32 10e32 10e32 10e32 10e32 10e32 10e32 10e32 10e32 10e32 10e32 10e32 10e32 10e32 10e32 10e32 10e32 10e32 10e32 10e32 10e32
10e32 10e32 10e32 10e32 10e32 10e32 10e32 10e32 10e32 10e32 10e32 10e32 10e32 10e32 10e32 10e32 10e32 10e32 10e32 10e32 10e32 10e32 10e32 10e32 10e32 10e32 10e32 10e32 10e32 10e32 10e32 10e32 10e32 10e32 10e32 10e32 10e32 10e32 10e32 10e32 10e32 10e32 10e32 10e32 10e32 10e32 10e32 10e32 10e32 10e32 10e32 10e32 10e32 10e32 10e32 10e32 10e32 10e32 10e32 10e32 10e32 10e32 10e32 10e32 10e32 10e32 10e32 10e32 10e32 10e32 10e32 10e32
10e32 10e32 10e32 10e32 10e32 10e32 10e32 10e32 10e32 10e32 10e32 10e32 10e32 10e32 10e32 10e32 10e32 10e32 10e32 10e32 10e32 10e32 10e32 10e32 10e32 10e32 10e32 10e32 10e32 10e32 10e32 10e32 10e32 10e32 10e32 10e32 10e32 10e32 10e32 10e32 10e32 10e32 10e32 10e32 10e32 10e32 10e32 10e32 10e32 10e32 10e32 10e32 10e32 10e32 10e32 10e32 10e32 10e32 10e32 10e32 10e32 10e32 10e32 10e32 10e32 10e32 10e32 10e32 10e32 10e32 10e32 10e32
10e32 10e32 10e32 10e32 10e32 10e32 10e32 10e32 10e32 10e32 10e32 10e32 10e32 10e32 10e32 10e32 10e32 10e32 10e32 10e32 10e32 10e32 10e32 10e32 10e32 10e32 10e32 10e32 10e32 10e32 10e32 10e32 10e32 10e32 10e32 10e32 10e32 10e32 10e32 10e32 10e32 10e32 10e32 10e32 10e32 10e32 10e32 10e32 10e32 10e32 10e32 10e32 10e32 10e32 10e32 10e32 10e32 10e32 10e32 10e32 10e32 10e32 10e32 10e32 10e32 10e32 10e32 10e32 10e32 10e32 10e32 10e32
10e32 10e32 10e32 10e32 10e32 10e32 10e32 10e32 10e32 10e32 10e32 10e32 10e32 10e32 10e32 10e32 10e32 10e32 10e32 10e32 10e32 10e32 10e32 10e32 10e32 10e32 10e32 10e32 10e32 10e32 10e32 10e32 10e32 10e32 10e32 10e32 10e32 10e32 10e32 10e32 10e32 10e32 10e32 10e32 10e32 10e32 10e32 10e32 10e32 10e32 10e32 10e32 10e32 10e32 10e32 10e32 10e32 10e32 10e32 10e32 10e32 10e32 10e32 10e32 10e32 10e32 10e32 10e32 10e32 10e32 -499.61737 -498.9709
10e32 10e32 10e32 10e32 10e32 10e32 10e32 10e32 10e32 10e32 10e32 10e32 10e32 10e32 10e32 10e32 10e32 10e32 10e32 10e32 10e32 10e32 10e32 10e32 10e32 10e32 10e32 10e32 10e32 10e32 10e32 10e32 10e32 10e32 10e32 10e32 10e32 10e32 10e32 10e32 10e32 10e32 10e32 10e32 10e32 10e32 10e32 10e32 10e32 10e32 10e32 10e32 10e32 10e32 10e32 10e32 10e32 -499.98962 -499.39487 -498.8001 -498.20538 -497.5331 -496.7562 -496.10968 -495.4632 -494.81668 -494.17017 -493.52368 -492.87717 -492.23068 -491.58417 -490.93765
10e32 10e32 10e32 10e32 10e32 10e32 10e32 10e32 10e32 10e32 10e32 10e32 10e32 10e32 10e32 10e32 10e32 10e32 10e32 10e32 10e32 10e32 10e32 10e32 10e32 10e32 10e32 10e32 10e32 10e32 10e32 10e32 10e32 10e32 10e32 10e32 10e32 10e32 10e32 10e32 10e32 10e32 10e32 10e32 10e32 -499.73645 -499.14172 -498.54697 -497.95224 -497.35748 -496.76273 -496.168 -495.57324 -494.9785 -494.38376 -493.789 -493.19424 -492.59952 -492.00476 -491.41 -490.69815 -489.45642 -488.6681 -488.0619 -487.42996 -486.78348 -486.13696 -485.49045 -484.84396 -484.19745 -483.55096 -482.90445
10e32 10e32 10e32 10e32 10e32 10e32 10e32 10e32 10e32 10e32 10e32 10e32 10e32 10e32 10e32 10e32 10e32 10e32 10e32 10e32 10e32 10e32 10e32 10e32 10e32 10e32 10e32 10e32 10e32 10e32 10e32 10e32 10e32 10e32 10e32 10e32 10e32 10e32 -498.81995 -496.9216 -495.3201 -494.72534 -494.13058 -493.53586 -492.9411 -492.34634 -491.75162 -491.15686 -490.5621 -489.96738 -489.37262 -488.77786 -488.18314 -487.58838 -486.99362 -486.3989 -485.80414 -485.2094 -484.61465 -483.86316 -482.62146 -481.37976 -480.57135 -479.96512 -479.35892 -478.75024 -478.10376 -477.45724 -476.81073 -476.16425 -475.51773 -474.87122
10e32 10e32 10e32 10e32 10e32 10e32 10e32 10e32 10e32 10e32 10e32 10e32 10e32 10e32 10e32 10e32 10e32 10e32 10e32 10e32 10e32 10e32 10e32 10e32 10e32 10e32 10e32 10e32 10e32 10e32 10e32 10e32 10e32 10e32 -499.3835 -497.48517 -495.5868 -493.68845 -491.79007 -490.06152 -488.42838 -487.33524 -486.74048 -486.14575 -485.551 -484.95624 -484.3615 -483.76675 -483.172 -482.57727 -481.9825 -481.38776 -480.79303 -480.19827 -479.60352 -479.0088 -478.41403 -477.81927 -477.0282 -475.7865 -474.54477 -473.30307 -472.4746 -471.86838 -471.26215 -470.65594 -470.0497 -469.42404 -468.77753 -468.131 -467.48453 -466.838
10e32 10e32 10e32 10e32 10e32 10e32 10e32 10e32 10e32 10e32 10e32 10e32 10e32 10e32 10e32 10e32 10e32 10e32 10e32 10e32 10e32 10e32 10e32 10e32 10e32 10e32 10e32 10e32 10e32 10e32 -499.94708 -498.04874 -496.15036 -494.252 -492.35364 -490.45526 -488.55692 -486.65854 -484.8712 -483.23804 -481.60486 -479.9717 -479.35037 -478.75565 -478.1609 -477.56613 -476.9714 -476.37665 -475.7819 -475.18716 -474.5924 -473.99765 -473.40292 -472.80817 -472.2134 -471.61868 -471.02393 -470.19324 -468.95154 -467.7098 -466.4681 -465.22638 -464.37784 -463.77164 -463.1654 -462.55917 -461.95297 -461.34674 -460.74054 -460.0978 -459.4513 -458.8048
10e32 10e32 10e32 10e32 10e32 10e32 10e32 10e32 10e32 10e32 10e32 10e32 10e32 10e32 10e32 10e32 10e32 10e32 10e32 10e32 10e32 10e32 10e32 10e32 10e32 10e32 10e32 -498.61227 -496.71393 -494.81555 -492.9172 -491.01883 -489.12048 -487.2221 -485.32376 -483.42538 -481.52704 -479.68085 -478.0477 -476.41452 -474.78137 -473.14822 -471.96027 -471.36554 -470.77078 -470.17603 -469.5813 -468.98654 -468.39178 -467.79706 -467.2023 -466.60754 -466.01282 -465.41806 -464.8233 -464.22858 -463.35828 -462.11655 -460.87485 -459.63315 -458.39142 -457.14972 -456.2811 -455.67487 -455.06866 -454.46243 -453.8562 -453.25 -452.64377 -452.03757 -451.4181 -450.77158
10e32 10e32 10e32 10e32 10e32 10e32 10e32 10e32 10e32 10e32 10e32 10e32 10e32 10e32 10e32 10e32 10e32 10e32 10e32 10e32 10e32 10e32 10e32 -499.17584 -497.2775 -495.37912 -493.48077 -491.5824 -489.68405 -487.78568 -485.88733 -483.98895 -482.0906 -480.19223 -478.29385 -476.3955 -474.49713 -472.85733 -471.22418 -469.59103 -467.9579 -466.3247 -464.69156 -463.97543 -463.38068 -462.78592 -462.1912 -461.59644 -461.00168 -460.40695 -459.8122 -459.21744 -458.6227 -458.02795 -457.4332 -456.52332 -455.2816 -454.0399 -452.7982 -451.55646 -450.31476 -449.07303 -448.18433 -447.57812 -446.9719 -446.3657 -445.75946 -445.15323 -444.54703 -443.9408 -443.3346 -442.72836
10e32 10e32 10e32 10e32 10e32 10e32 10e32 10e32 10e32 10e32 10e32 10e32 10e32 10e32 10e32 10e32 10e32 10e32 10e32 -499.67862 -497.8056 -495.93225 -494.04123 -492.14597 -490.2476 -488.34924 -486.45087 -484.55252 -482.65414 -480.7558 -478.85742 -476.95908 -475.0607 -473.16235 -471.26398 -469.36563 -467.667 -466.03384 -464.4007 -462.76755 -461.13437 -459.50122 -457.86807 -456.5853 -455.99057 -455.3958 -454.8011 -454.20633 -453.61157 -453.01685 -452.4221 -451.82733 -451.2326 -450.63785 -449.68835 -448.44662 -447.20493 -445.9632 -444.7215 -443.4798 -442.23807 -440.99637 -440.0876 -439.48135 -438.87515 -438.26892 -437.66272 -437.0565 -436.4503 -435.84406 -435.23782 -434.63162
10e32 10e32 10e32 10e32 10e32 10e32 10e32 10e32 10e32 10e32 10e32 10e32 10e32 10e32 10e32 10e32 -498.24982 -496.37683 -494.5038 -492.63083 -490.7578 -488.8841 -486.99307 -485.10202 -483.211 -481.31937 -479.421 -477.52264 -475.62427 -473.72592 -471.82755 -469.9292 -468.03082 -466.13245 -464.2341 -462.47665 -460.8435 -459.21036 -457.57718 -455.94403 -454.31088 -452.67773 -451.0446 -449.4114 -448.60046 -448.0057 -447.41095 -446.81622 -446.22147 -445.6267 -445.03198 -444.43723 -443.8425 -442.85336 -441.61166 -440.36996 -439.12823 -437.88654 -436.6448 -435.4031 -434.1614 -432.91968 -431.99084 -431.3846 -430.7784 -430.17218 -429.56595 -428.95975 -428.35352 -427.7473 -427.14108 -426.53485
10e32 10e32 10e32 10e32 10e32 10e32 10e32 10e32 10e32 10e32 10e32 10e32 -498.69403 -496.82104 -494.94803 -493.07504 -491.20203 -489.32904 -487.45602 -485.58304 -483.71002 -481.83594 -479.94492 -478.0539 -476.16284 -474.27182 -472.38077 -470.48975 -468.5944 -466.696 -464.79767 -462.8993 -461.00095 -459.10257 -457.28632 -455.65317 -454.02002 -452.38684 -450.7537 -449.12054 -447.4874 -445.85422 -444.22107 -442.58792 -441.21036 -440.6156 -440.02084 -439.42612 -438.83136 -438.2366 -437.64188 -437.04712 -436.0184 -434.7767 -433.53497 -432.29327 -431.05157 -429.80984 -428.56815 -427.32642 -426.08472 -424.84302 -423.89407 -423.28787 -422.68164 -422.07544 -421.4692 -420.86298 -420.25677 -419.65054 -419.04434 -418.4381
10e32 10e32 10e32 10e32 10e32 10e32 10e32 10e32 -499.13824 -497.26526 -495.39224 -493.51926 -491.64624 -489.77325 -487.90024 -486.02725 -484.15424 -482.28122 -480.40823 -478.53522 -476.66223 -474.7878 -472.89676 -471.00574 -469.1147 -467.22366 -465.3326 -463.4416 -461.55054 -459.65952 -457.7678 -455.86942 -453.97107 -452.09598 -450.46283 -448.82965 -447.1965 -445.56335 -443.9302 -442.29703 -440.66388 -439.03073 -437.39758 -435.76443 -434.13126 -433.2255 -432.63074 -432.036 -431.44125 -430.8465 -430.25177 -429.18344 -427.94174 -426.7 -425.4583 -424.21658 -422.97488 -421.7332 -420.49146 -419.24976 -418.00803 -416.76633 -415.79733 -415.1911 -414.5849 -413.97867 -413.37247 -412.76624 -412.16 -411.5538 -410.94757 -410.34137
10e32 10e32 10e32 10e32 -499.58246 -497.70944 -495.83646 -493.96344 -492.09045 -490.21744 -488.34445 -486.47144 -484.59845 -482.72543 -480.85245 -478.97943 -477.10645 -475.23343 -473.36044 -471.48743 -469.61444 -467.73965 -465.8486 -463.95758 -462.06653 -460.1755 -458.2845 -456.39343 -454.5024 -452.61136 -450.72034 -448.82928 -446.93826 -445.27246 -443.6393 -442.00616 -440.37302 -438.73987 -437.1067 -435.47354 -433.8404 -432.20724 -430.57407 -428.94092 -427.30777 -425.8354 -425.24063 -424.6459 -424.05115 -423.4564 -422.34848 -421.10675 -419.86505 -418.62335 -417.38162 -416.13992 -414.8982 -413.6565 -412.4148 -411.17307 -409.93137 -408.68964 -407.7006 -407.09436 -406.48813 -405.88193 -405.2757 -404.6695 -404.06326 -403.4651 -402.903 -402.34094
-497.52597 -496.48032 -495.43466 -494.09567 -492.53467 -490.66165 -488.78867 -486.91565 -485.04266 -483.16965 -481.29666 -479.42365 -477.55066 -475.67764 -473.80466 -471.93164 -470.05865 -468.18564 -466.31265 -464.43964 -462.56665 -460.6915 -458.80048 -456.90942 -455.0184 -453.12735 -451.23633 -449.34528 -447.45425 -445.5632 -443.67218 -441.80338 -440.09186 -438.4257 -436.79755 -435.16937 -433.54123 -431.91306 -430.2832 -428.65005 -427.0169 -425.38373 -423.75058 -422.11743 -420.48428 -418.8511 -417.85052 -417.2558 -416.66104 -415.51352 -414.2718 -413.0301 -411.78836 -410.54666 -409.30496 -408.06323 -406.82153 -405.5798 -404.3381 -403.0964 -401.85468 -400.61298 -399.60382 -398.99762 -398.3914 -397.78516 -397.2093 -396.64722 -396.0851 -395.52304 -394.96097 -394.3989
-489.59973 -488.55408 -487.43506 -486.04855 -484.66205 -483.27554 -481.74088 -479.86786 -477.99487 -476.12186 -474.24887 -472.37585 -470.50287 -468.62985 -466.75687 -464.88385 -463.01086 -461.13785 -459.26483 -457.39185 -455.51883 -453.64334 -451.75232 -449.86127 -447.97025 -446.0792 -444.18817 -442.29712 -440.4061 -438.51505 -436.6861 -434.97458 -433.26306 -431.57697 -429.9488 -428.32065 -426.69247 -425.0643 -423.43616 -421.80798 -420.17984 -418.55167 -416.92352 -415.2939 -413.66077 -412.02762 -410.46042 -409.8657 -408.67853 -407.43683 -406.19513 -404.9534 -403.7117 -402.46997 -401.22827 -399.98657 -398.74484 -397.50314 -396.26144 -395.0197 -393.778 -392.5363 -391.51556 -390.9535 -390.39142 -389.8293 -389.26724 -388.70517 -388.1431 -387.581 -387.01892 -386.45685
-481.6735 -480.62784 -479.38794 -478.00143 -476.61493 -475.22842 -473.84192 -472.4554 -470.94705 -469.07407 -467.20105 -465.32806 -463.45505 -461.58206 -459.70905 -457.83606 -455.96304 -454.09006 -452.21704 -450.34406 -448.47104 -446.59518 -444.70416 -442.8131 -440.9221 -439.03107 -437.14 -435.249 -433.35794 -431.56885 -429.85733 -428.1458 -426.43427 -424.7282 -423.10004 -421.4719 -419.84372 -418.21558 -416.5874 -414.95926 -413.3311 -411.70294 -410.07477 -408.4466 -406.81845 -405.19028 -403.57074 -402.21744 -401.02783 -399.83826 -398.64865 -397.45908 -396.26947 -395.0799 -393.8903 -392.7007 -391.5111 -390.32153 -389.13193 -387.94235 -386.75275 -385.30954 -384.01584 -383.23724 -382.45868 -381.88727 -381.3252 -380.76312 -380.20105 -379.63895 -379.07687 -378.5148
-473.74725 -472.7016 -471.34082 -469.9543 -468.5678 -467.1813 -465.7948 -464.4083 -463.0218 -461.63528 -460.15326 -458.28027 -456.40726 -454.53427 -452.66125 -450.78827 -448.91525 -447.04227 -445.16925 -443.29626 -441.42325 -439.54706 -437.656 -435.76498 -433.87393 -431.9829 -430.09186 -428.20084 -426.45157 -424.74005 -423.02853 -421.31702 -419.6055 -417.89398 -416.2513 -414.62314 -412.995 -411.36682 -409.73865 -408.1105 -406.48233 -404.8542 -403.226 -401.59787 -399.975 -398.38593 -396.79684 -395.32666 -394.1371 -392.94748 -391.7579 -390.5683 -389.3787 -388.18912 -386.9995 -385.80994 -384.62033 -383.43076 -382.24115 -380.95053 -379.44162 -377.9327 -376.6097 -375.83115 -375.05255 -374.274 -373.4954 -372.82108 -372.259 -371.6969 -371.13483 -370.57275
-465.82098 -464.6802 -463.2937 -461.9072 -460.5207 -459.1342 -457.74768 -456.36118 -454.97467 -453.58817 -452.20166 -450.81516 -449.35947 -447.48648 -445.61346 -443.74048 -441.86746 -439.99445 -438.12146 -436.24844 -434.37546 -432.4989 -430.60785 -428.71683 -426.82578 -424.93475 -423.04584 -421.33432 -419.6228 -417.9113 -416.19977 -414.48822 -412.7767 -411.0652 -409.40256 -407.77438 -406.14624 -404.51807 -402.88992 -401.26175 -399.6336 -398.00543 -396.37927 -394.7902 -393.20108 -391.612 -390.02292 -388.43588 -387.2463 -386.0567 -384.86713 -383.67752 -382.48795 -381.29834 -380.10876 -378.91916 -377.72958 -376.53998 -375.08258 -373.57367 -372.06476 -370.55585 -369.2036 -368.42505 -367.64645 -366.86786 -366.0893 -365.3107 -364.53214 -363.75485 -363.19278 -362.6307
-457.89474 -456.6331 -455.24658 -453.86008 -452.47357 -451.08707 -449.70056 -448.31406 -446.92755 -445.54105 -444.15454 -442.76807 -441.38156 -439.99506 -438.56567 -436.69266 -434.81967 -432.94666 -431.07367 -429.20065 -427.32767 -425.45074 -423.5597 -421.66867 -419.77765 -417.92856 -416.21704 -414.50552 -412.794 -411.0825 -409.37097 -407.65945 -405.94794 -404.23642 -402.5538 -400.92566 -399.2975 -397.66934 -396.04117 -394.413 -392.78485 -391.19443 -389.60535 -388.01627 -386.4272 -384.8381 -383.249 -381.6599 -380.35553 -379.16592 -377.97635 -376.78674 -375.59717 -374.40756 -373.218 -372.02838 -370.72357 -369.21466 -367.70575 -366.19684 -364.68793 -363.17902 -361.79752 -361.01892 -360.24036 -359.46176 -358.6832 -357.9046 -357.126 -356.34744 -355.56885 -354.79028
-449.9685 -448.58597 -447.19946 -445.81296 -444.42645 -443.03995 -441.65344 -440.26694 -438.88043 -437.49393 -436.10745 -434.72095 -433.33444 -431.94794 -430.56143 -429.17493 -427.77188 -425.89886 -424.02588 -422.15286 -420.27988 -418.4026 -416.51157 -414.6205 -412.8113 -411.0998 -409.38828 -407.67676 -405.96524 -404.25372 -402.54218 -400.83066 -399.11914 -397.40762 -395.70505 -394.0769 -392.44873 -390.8206 -389.1924 -387.5987 -386.0096 -384.42053 -382.83142 -381.24234 -379.65326 -378.06418 -376.4751 -374.886 -373.46475 -372.27515 -371.08557 -369.89597 -368.7064 -367.51678 -366.3272 -364.85562 -363.3467 -361.8378 -360.3289 -358.81998 -357.31107 -355.80215 -354.3914 -353.61282 -352.83423 -352.05566 -351.27707 -350.4985 -349.7199 -348.94135 -348.16275 -347.3842
-441.92535 -440.53885 -439.15234 -437.76584 -436.37933 -434.99283 -433.60632 -432.21982 -430.8333 -429.44684 -428.06033 -426.67383 -425.28732 -423.90082 -422.5143 -421.1278 -419.7413 -418.3548 -416.9683 -415.10507 -413.23206 -411.35443 -409.4634 -407.69403 -405.9825 -404.271 -402.55948 -400.84796 -399.13644 -397.42493 -395.7134 -394.0019 -392.29037 -390.57886 -388.86734 -387.22815 -385.6 -384.00296 -382.41388 -380.82477 -379.2357 -377.6466 -376.05753 -374.46844 -372.87933 -371.29025 -369.70117 -368.1121 -366.57397 -365.38437 -364.1948 -363.0052 -361.8156 -360.4966 -358.9877 -357.4788 -355.96988 -354.46097 -352.95206 -351.44315 -349.93423 -348.42532 -346.9853 -346.20673 -345.42813 -344.64954 -343.87097 -343.09238 -342.3138 -341.53522 -340.75665 -339.87637
-433.87823 -432.49173 -431.10522 -429.71872 -428.3322 -426.9457 -425.5592 -424.1727 -422.78622 -421.39972 -420.0132 -418.6267 -417.2402 -415.8537 -414.4672 -413.0807 -411.69418 -410.30768 -408.92117 -407.53467 -406.14816 -404.3063 -402.57678 -400.86526 -399.15375 -397.44223 -395.7307 -394.0192 -392.30768 -390.59613 -388.8846 -387.1731 -385.46158 -383.74872 -382.02737 -380.40723 -378.8181 -377.22903 -375.63995 -374.05087 -372.4618 -370.87268 -369.2836 -367.69452 -366.10544 -364.51633 -362.92725 -361.33817 -359.74908 -358.49362 -357.30402 -356.1144 -354.6287 -353.11975 -351.61084 -350.10193 -348.59302 -347.0841 -345.5752 -344.06628 -342.55737 -341.04846 -339.5792 -338.8006 -338.02203 -337.24344 -336.46487 -335.68628 -334.7845 -333.7852 -332.78592 -331.78662
-425.83112 -424.4446 -423.0581 -421.6716 -420.2851 -418.8986 -417.5121 -416.1256 -414.7391 -413.3526 -411.9661 -410.5796 -409.19308 -407.80658 -406.42007 -405.03357 -403.64706 -402.26056 -400.94852 -399.69092 -398.42554 -397.13742 -395.47357 -393.75223 -392.03085 -390.3095 -388.58817 -386.86682 -385.14548 -383.4241 -381.70276 -379.9814 -378.26007 -376.55576 -375.0069 -373.45215 -371.88464 -370.31714 -368.74963 -367.1821 -365.6146 -364.0471 -362.47958 -360.91205 -359.3315 -357.74243 -356.15335 -354.56424 -352.97516 -351.60284 -350.26965 -348.76074 -347.25183 -345.74292 -344.234 -342.7251 -341.2162 -339.70728 -338.19836 -336.68945 -335.18054 -333.67163 -332.17307 -331.3945 -330.6159 -329.6926 -328.6933 -327.69403 -326.69473 -325.69543 -324.69617 -323.69687
