test/UKGEOS_Glasgow/EXPORTS/ASCII(5mCell)/Faults/Fault_Shettleston_50m_GGERFS_Predrill(5m).asc
ncols 1001
nrows 285
xllcenter 260000.0
yllcenter 663576.56
cellsize 5.0
nodata_value 10e32
[rows 192 to 223 of 285, columns 864 to 935 of 1001]
10e32 10e32 10e32 10e32 10e32 10e32 10e32 10e32 10e32 10e32 10e32 10e32 10e32 10e32 10e32 10e32 10e32 10e32 10e32 10e32 10e32 10e32 10e32 10e32 10e32 10e32 10e32 10e32 10e32 10e32 10e32 10e32 10e32 10e32 10e32 10e32 10e32 10e32 10e32 10e32 10e32 10e32 10e32 10e32 10e32 10e32 10e32 10e32 10e32 10e32 10e32 10e32 10e32 10e32 10e32 10e32 10e32 10e32 10e32 10e32 10e32 10e32 10e32 10e32 10e32 10e32 10e32 10e32 10e32 10e32 10e32 10e32
10e32 10e32 10e32 10e32 10e32 10e32 10e32 10e32 10e32 10e32 10e32 10e32 10e32 10e32 10e32 10e32 10e32 10e32 10e32 10e32 10e32 10e32 10e32 10e32 10e32 10e32 10e32 10e32 10e32 10e32 10e32 10e32 10e32 10e32 10e32 10e32 10e32 10e32 10e32 10e32 10e32 10e32 10e32 10e32 10e32 10e32 10e32 10e32 10e32 10e32 10e32 10e32 10e32 10e32 10e32 10e32 10e32 10e32 10e32 10e32 10e32 10e32 10e32 10e32 10e32 10e32 10e32 10e32 10e32 10e32 10e32 10e32
10e32 10e32 10e32 10e32 10e32 10e32 10e32 10e32 10e32 10e32 10e32 10e32 10e32 10e32 10e32 10e32 10e32 10e32 10e32 10e32 10e32 10e32 10e32 10e32 10e32 10e32 10e32 10e32 10e32 10e32 10e32 10e32 10e32 10e32 10e32 10e32 10e32 10e32 10e32 10e32 10e32 10e32 10e32 10e32 10e32 10e32 10e32 10e32 10e32 10e32 10e32 10e32 10e32 10e32 10e32 10e32 10e32 10e32 10e32 10e32 10e32 10e32 10e32 10e32 10e32 10e32 10e32 10e32 10e32 10e32 10e32 10e32
10e32 10e32 10e32 10e32 10e32 10e32 10e32 10e32 10e32 10e32 10e32 10e32 10e32 10e32 10e32 10e32 10e32 10e32 10e32 10e32 10e32 10e32 10e32 10e32 10e32 10e32 10e32 10e32 10e32 10e32 10e32 10e32 10e32 10e32 10e32 10e32 10e32 10e32 10e32 10e32 10e32 10e32 10e32 10e32 10e32 10e32 10e32 10e32 10e32 10e32 10e32 10e32 10e32 10e32 10e32 10e32 10e32 10e32 10e32 10e32 10e32 10e32 10e32 10e32 10e32 10e32 10e32 10e32 10e32 10e32 10e32 10e32
10e32 10e32 10e32 10e32 10e32 10e32 10e32 10e32 10e32 10e32 10e32 10e32 10e32 10e32 10e32 10e32 10e32 10e32 10e32 10e32 10e32 10e32 10e32 10e32 10e32 10e32 10e32 10e32 10e32 10e32 10e32 10e32 10e32 10e32 10e32 10e32 10e32 10e32 10e32 10e32 10e32 10e32 10e32 10e32 10e32 10e32 10e32 10e32 10e32 10e32 10e32 10e32 10e32 10e32 10e32 10e32 10e32 10e32 10e32 10e32 10e32 10e32 10e32 10e32 10e32 10e32 10e32 10e32 10e32 10e32 10e32 10e32
10e32 10e32 10e32 10e32 10e32 10e32 10e32 10e32 10e32 10e32 10e32 10e32 10e32 10e32 10e32 10e32 10e32 10e32 10e32 10e32 10e32 10e32 10e32 10e32 10e32 10e32 10e32 10e32 10e32 10e32 10e32 10e32 10e32 10e32 10e32 10e32 10e32 10e32 10e32 10e32 10e32 10e32 10e32 10e32 10e32 10e32 10e32 10e32 10e32 10e32 10e32 10e32 10e32 10e32 10e32 10e32 10e32 10e32 10e32 10e32 10e32 10e32 10e32 10e32 10e32 10e32 10e32 10e32 10e32 10e32 10e32 10e32
10e32 10e32 10e32 10e32 10e32 10e32 10e32 10e32 10e32 10e32 10e32 10e32 10e32 10e32 10e32 10e32 10e32 10e32 10e32 10e32 10e32 10e32 10e32 10e32 10e32 10e32 10e32 10e32 10e32 10e32 10e32 10e32 10e32 10e32 10e32 10e32 10e32 10e32 10e32 10e32 10e32 10e32 10e32 10e32 10e32 10e32 10e32 10e32 10e32 10e32 10e32 10e32 10e32 10e32 10e32 10e32 10e32 10e32 10e32 10e32 10e32 10e32 10e32 10e32 10e32 10e32 10e32 10e32 10e32 10e32 10e32 10e32
10e32 10e32 10e32 10e32 10e32 10e32 10e32 10e32 10e32 10e32 10e32 10e32 10e32 10e32 10e32 10e32 10e32 10e32 10e32 10e32 10e32 10e32 10e32 10e32 10e32 10e32 10e32 10e32 10e32 10e32 10e32 10e32 10e32 10e32 10e32 10e32 10e32 10e32 10e32 10e32 10e32 10e32 10e32 10e32 10e32 10e32 10e32 10e32 10e32 10e32 10e32 10e32 10e32 10e32 10e32 10e32 10e32 10e32 10e32 10e32 10e32 10e32 10e32 10e32 10e32 10e32 10e32 10e32 10e32 10e32 10e32 10e32
10e32 10e32 10e32 10e32 10e32 10e32 10e32 10e32 10e32 10e32 -499.8964 -499.30414 -499.1214 -498.93863 -498.7559 -498.57315 -498.39032 -498.2074 -498.0245 -497.84158 -497.65866 -497.59106 -497.61142 -497.63174 -497.65207 -497.67242 -497.69275 -497.71307 -497.73343 -497.75375 -497.77408 -497.79443 -497.81476 -497.83508 -497.85544 -497.8069 -497.79596 -497.81833 -497.8407 -497.8631 -497.88547 -497.90784 -497.93024 -497.9526 -497.97498 -497.99738 -498.01974 -498.0421 -498.06448 -498.08688 -498.33914 -499.16705 -499.995 10e32 10e32 10e32 10e32 10e32 10e32 10e32 10e32 10e32 10e32 10e32 10e32 10e32 10e32 10e32 10e32 10e32 10e32 10e32
-498.32437 -497.761 -497.1376 -496.51425 -495.8909 -495.26752 -494.64417 -494.02078 -493.39743 -492.77405 -492.1507 -491.5273 -491.12927 -490.9465 -490.76376 -490.581 -490.3981 -490.2152 -490.0323 -489.85266 -489.67712 -489.66083 -489.68115 -489.7015 -489.72183 -489.74216 -489.7625 -489.78284 -489.80316 -489.82352 -489.84384 -489.86417 -489.88452 -489.84183 -489.73126 -489.62067 -489.51007 -489.50656 -489.52893 -489.55133 -489.5737 -489.59607 -489.61847 -489.64084 -489.6632 -489.6856 -489.70798 -489.73035 -489.75275 -489.8424 -489.99518 -490.14795 -490.8207 -491.64865 -492.47656 -493.3045 -494.13242 -494.96033 -495.78827 -496.61618 -497.44412 -498.27203 -499.09995 -499.9279 10e32 10e32 10e32 10e32 10e32 10e32 10e32 10e32
-490.29117 -489.69833 -489.1647 -488.63107 -488.0974 -487.52182 -486.89844 -486.2751 -485.6517 -485.02835 -484.40497 -483.78162 -483.15826 -482.95438 -482.77164 -482.5888 -482.40588 -482.223 -482.04715 -481.87158 -481.71024 -481.73056 -481.75092 -481.77124 -481.7916 -481.81192 -481.83224 -481.8526 -481.87292 -481.89325 -481.9136 -481.8768 -481.7662 -481.6556 -481.54504 -481.43445 -481.32388 -481.2133 -481.21716 -481.23956 -481.26193 -481.2843 -481.3067 -481.32907 -481.35144 -481.37384 -481.3962 -481.41858 -481.48248 -481.63525 -481.788 -481.94077 -482.09354 -482.4744 -483.3023 -484.13022 -484.95816 -485.78607 -486.614 -487.44193 -488.26984 -489.09778 -489.9257 -490.75363 -491.58154 -492.40945 -493.2374 -494.0653 -494.89322 -495.72116 -496.54907 -497.377
-482.25793 -481.62225 -481.0886 -480.55496 -480.02133 -479.48767 -478.95404 -478.42038 -477.88675 -477.28262 -476.65927 -476.03592 -475.41254 -474.96225 -474.77948 -474.5966 -474.41718 -474.24164 -474.06607 -473.8905 -473.78 -473.80032 -473.82065 -473.841 -473.86133 -473.88165 -473.902 -473.92233 -473.94266 -473.91174 -473.80115 -473.69058 -473.58 -473.46942 -473.35883 -473.24823 -473.13766 -473.02707 -472.9165 -472.9278 -472.95016 -472.97253 -472.99493 -473.0173 -473.03967 -473.06207 -473.08444 -473.12256 -473.2753 -473.42807 -473.58084 -473.73358 -473.88635 -474.03912 -474.19186 -474.95596 -475.7839 -476.61182 -477.43973 -478.26767 -479.09558 -479.9235 -480.75143 -481.57935 -482.4073 -483.2352 -484.0631 -484.89105 -485.71896 -486.5469 -487.37482 -488.20273
-474.22473 -473.57822 -473.0125 -472.47885 -471.94522 -471.4116 -470.87793 -470.3443 -469.81064 -469.277 -468.74338 -468.20972 -467.66684 -467.04346 -466.7873 -466.61166 -466.4361 -466.26056 -466.085 -465.90942 -465.84973 -465.8701 -465.8904 -465.91074 -465.9311 -465.95142 -465.97174 -465.9467 -465.83612 -465.72552 -465.61493 -465.50436 -465.39377 -465.2832 -465.1726 -465.06204 -464.95145 -464.84085 -464.7303 -464.6197 -464.6384 -464.6608 -464.68317 -464.70554 -464.7279 -464.7503 -464.77267 -464.91537 -465.0681 -465.2209 -465.37366 -465.5264 -465.67917 -465.83194 -465.98468 -466.13745 -466.60962 -467.43756 -468.26547 -469.09338 -469.92133 -470.74924 -471.57718 -472.4051 -473.233 -474.06094 -474.88885 -475.7168 -476.5447 -477.37262 -478.20056 -479.02847
-466.1915 -465.545 -464.9364 -464.40277 -463.8691 -463.33548 -462.80185 -462.2682 -461.73456 -461.2009 -460.66727 -460.13364 -459.59998 -459.1599 -458.82898 -458.63058 -458.45502 -458.27945 -458.1039 -457.92834 -457.9195 -457.93982 -457.96017 -457.9805 -458.00082 -457.98166 -457.87106 -457.76047 -457.6499 -457.5393 -457.42874 -457.31815 -457.20758 -457.097 -456.9864 -456.87582 -456.76523 -456.65466 -456.54407 -456.4335 -456.32663 -456.34903 -456.3714 -456.39377 -456.41617 -456.43854 -456.55542 -456.7082 -456.86096 -457.0137 -457.16647 -457.31924 -457.472 -457.62476 -457.77753 -457.93027 -458.08304 -458.26328 -459.09122 -459.91913 -460.74707 -461.57498 -462.4029 -463.23083 -464.05875 -464.88666 -465.7146 -466.5425 -467.37045 -468.19836 -469.02628 -469.85422
-458.1583 -457.51178 -456.8653 -456.32666 -455.79303 -455.25937 -454.72574 -454.1921 -453.65845 -453.12482 -452.59116 -452.05753 -451.70694 -451.376 -451.04507 -450.71414 -450.47394 -450.29837 -450.12283 -449.9689 -449.98923 -450.00958 -450.0299 -450.0166 -449.906 -449.79544 -449.68484 -449.57428 -449.46368 -449.3531 -449.24252 -449.13193 -449.02136 -448.91077 -448.8002 -448.6896 -448.579 -448.46844 -448.35785 -448.24728 -448.1367 -448.03726 -448.05963 -448.082 -448.1044 -448.1955 -448.34827 -448.501 -448.65378 -448.80655 -448.9593 -449.11206 -449.26483 -449.41757 -449.57034 -449.7231 -449.87585 -450.02863 -450.1814 -450.74487 -451.57278 -452.40073 -453.22864 -454.05655 -454.8845 -455.7124 -456.54034 -457.36826 -458.19617 -459.0241 -459.85202 -460.67023
-450.1251 -449.47858 -448.83206 -448.25055 -447.71692 -447.1833 -446.64963 -446.116 -445.58237 -445.0487 -444.5849 -444.25397 -443.92303 -443.5921 -443.26117 -442.9302 -442.59927 -442.3173 -442.14172 -442.03867 -442.059 -442.05154 -441.94098 -441.83038 -441.7198 -441.60922 -441.49863 -441.38806 -441.27747 -441.1669 -441.0563 -440.9457 -440.83514 -440.72455 -440.61398 -440.5034 -440.39282 -440.28223 -440.17163 -440.06107 -439.95047 -439.8399 -439.74786 -439.77023 -439.83554 -439.9883 -440.14108 -440.29382 -440.4466 -440.59937 -440.7521 -440.90488 -441.05765 -441.2104 -441.36316 -441.51593 -441.66867 -441.82144 -441.9742 -442.12695 -442.39853 -443.22644 -444.05438 -444.8823 -445.71024 -446.53815 -447.36606 -448.194 -449.0219 -449.84985 -450.6763 -451.4767
-442.09186 -441.44537 -440.79886 -440.17447 -439.6408 -439.10718 -438.57355 -438.0399 -437.50626 -437.13196 -436.801 -436.47006 -436.13913 -435.8082 -435.47726 -435.1463 -434.81537 -434.48444 -434.16064 -434.0865 -433.97592 -433.86533 -433.75476 -433.64417 -433.5336 -433.423 -433.3124 -433.20184 -433.09125 -432.98068 -432.8701 -432.75952 -432.64893 -432.53836 -432.42776 -432.31717 -432.2066 -432.096 -431.98544 -431.87485 -431.76428 -431.6537 -431.5431 -431.47562 -431.6284 -431.78113 -431.9339 -432.08667 -432.2394 -432.39218 -432.54495 -432.6977 -432.85046 -433.00323 -433.15598 -433.30875 -433.46152 -433.61426 -433.76703 -433.9198 -434.07254 -434.2253 -434.8801 -435.70804 -436.53595 -437.3639 -438.1918 -439.0197 -439.84766 -440.67557 -441.4828 -442.28317
-434.0254 -433.41214 -432.76562 -432.11914 -431.56473 -431.03107 -430.49744 -430.00992 -429.679 -429.34802 -429.0171 -428.68616 -428.35522 -428.0243 -427.69333 -427.328 -426.93713 -426.5463 -426.1722 -425.94028 -425.74124 -425.63004 -425.51883 -425.40762 -425.29642 -425.1852 -425.074 -424.96277 -424.85156 -424.74036 -424.62915 -424.51794 -424.40674 -424.29553 -424.18433 -424.07312 -423.9619 -423.85068 -423.73947 -423.62827 -423.51706 -423.39743 -423.11975 -422.8421 -422.945 -423.19275 -423.4405 -423.68826 -423.936 -424.18375 -424.33777 -424.49054 -424.64328 -424.79605 -424.94882 -425.10156 -425.25433 -425.4071 -425.55984 -425.71262 -425.86536 -426.01813 -426.1709 -426.53378 -427.3617 -428.1896 -429.01755 -429.84546 -430.6734 -431.48886 -432.28928 -433.08966
-425.92865 -425.32242 -424.71622 -424.0859 -423.48862 -422.955 -422.55695 -422.226 -421.89508 -421.56412 -421.17926 -420.7884 -420.39755 -420.0067 -419.61588 -419.22504 -418.8342 -418.44336 -418.15778 -417.9258 -417.69388 -417.46194 -417.26746 -417.15625 -417.04504 -416.93384 -416.82263 -416.71143 -416.60022 -416.489 -416.37778 -416.26657 -416.15536 -416.04416 -415.93295 -415.82175 -415.71054 -415.59933 -415.48813 -415.37488 -415.09723 -414.81955 -414.5419 -414.26422 -414.12918 -414.37692 -414.62466 -414.8724 -415.12015 -415.3679 -415.61563 -415.86337 -416.1111 -416.3589 -416.60663 -416.85437 -417.04715 -417.19992 -417.35266 -417.50543 -417.6582 -417.81094 -417.9637 -418.1165 -418.26923 -419.01535 -419.84326 -420.6712 -421.49496 -422.29535 -423.09573 -423.89615
-417.83188 -417.22568 -416.61945 -416.01324 -415.42136 -415.03052 -414.63965 -414.2488 -413.85797 -413.46713 -413.0763 -412.68546 -412.29462 -411.90378 -411.51294 -411.1221 -410.73126 -410.37527 -410.14334 -409.91138 -409.67944 -409.4475 -409.21555 -408.9836 -408.79367 -408.68246 -408.57126 -408.46005 -408.34885 -408.23764 -408.12643 -408.01523 -407.90402 -407.7928 -407.68158 -407.57037 -407.45917 -407.34796 -407.07468 -406.79703 -406.51935 -406.24167 -405.96402 -405.68634 -405.40866 -405.56107 -405.8088 -406.05655 -406.3043 -406.55206 -406.7998 -407.04755 -407.2953 -407.54303 -407.79077 -408.0385 -408.28625 -408.534 -408.78174 -409.0295 -409.27725 -409.525 -409.75653 -409.9093 -410.06207 -410.2148 -410.669 -411.49695 -412.30142 -413.10184 -413.90222 -414.70264
-409.73514 -409.1588 -408.59674 -408.03464 -407.49393 -407.00043 -406.5367 -406.14587 -405.75504 -405.3642 -404.97336 -404.58252 -404.19168 -403.80084 -403.40997 -403.01913 -402.6283 -402.36084 -402.12888 -401.89694 -401.665 -401.43304 -401.2011 -400.96918 -400.7372 -400.50528 -400.31992 -400.20868 -400.09747 -399.98627 -399.87506 -399.76385 -399.65265 -399.54144 -399.43024 -399.31903 -399.05215 -398.77448 -398.49683 -398.21915 -397.94147 -397.66382 -397.38614 -397.10846 -396.8308 -396.74524 -396.99298 -397.24072 -397.48846 -397.7362 -397.98395 -398.2317 -398.47943 -398.72717 -398.9749 -399.2227 -399.47043 -399.71817 -399.9659 -400.21365 -400.4614 -400.70914 -400.95688 -401.20462 -401.45236 -401.70013 -401.89655 -402.21674 -402.9633 -403.73782 -404.5124 -405.28696
-401.77884 -401.21677 -400.6547 -400.0926 -399.5681 -399.07462 -398.58115 -398.08765 -397.6521 -397.26123 -396.8704 -396.47955 -396.0887 -395.69788 -395.30704 -394.9162 -394.57834 -394.34637 -394.11444 -393.8825 -393.65054 -393.4186 -393.18668 -392.9547 -392.72278 -392.49084 -392.25888 -392.02695 -391.84613 -391.73492 -391.6237 -391.51248 -391.40128 -391.29007 -391.0296 -390.75195 -390.47427 -390.1966 -389.91895 -389.64127 -389.3636 -389.08594 -388.80826 -388.5306 -388.25293 -387.97525 -388.17712 -388.42487 -388.6726 -388.92035 -389.1681 -389.41586 -389.6636 -389.91135 -390.1591 -390.40683 -390.65457 -390.9023 -391.15005 -391.3978 -391.64554 -391.8933 -392.0633 -392.19373 -392.32416 -392.4546 -392.58502 -392.9292 -393.5503 -394.1714 -394.8851 -395.65967
-393.8368 -393.27472 -392.71265 -392.15057 -391.6423 -391.1488 -390.65533 -390.16183 -389.66833 -389.17487 -388.76746 -388.37662 -387.98578 -387.59494 -387.2041 -386.81326 -386.56387 -386.33194 -386.1 -385.86807 -385.6361 -385.40417 -385.17224 -384.94028 -384.70834 -384.4764 -384.24445 -384.0125 -383.78058 -383.5486 -383.37234 -383.26114 -383.00708 -382.7294 -382.45175 -382.17407 -381.8964 -381.61874 -381.34106 -381.0634 -380.78574 -380.50806 -380.23038 -379.95273 -379.67505 -379.39737 -379.36127 -379.60904 -379.85678 -380.10452 -380.35226 -380.6 -380.84775 -381.0955 -381.34323 -381.59097 -381.8387 -382.0865 -382.23004 -382.36047 -382.4909 -382.62134 -382.75177 -382.8822 -383.01263 -383.14307 -383.2735 -383.6417 -384.2628 -384.88388 -385.50494 -386.12604
-385.89474 -385.33267 -384.7706 -384.21 -383.7165 -383.223 -382.72952 -382.23602 -381.74255 -381.24905 -380.75555 -380.27365 -379.8828 -379.49197 -379.10114 -378.7814 -378.54944 -378.3175 -378.08557 -377.8536 -377.62167 -377.38974 -377.15778 -376.92584 -376.6939 -376.46194 -376.21777 -375.9043 -375.59085 -375.27737 -374.89304 -374.52896 -374.2956 -374.06223 -373.8289 -373.59552 -373.31854 -373.04086 -372.76318 -372.48553 -372.20786 -371.93018 -371.65253 -371.37485 -371.09717 -370.81952 -370.54544 -370.79318 -371.04092 -371.28867 -371.5364 -371.78415 -372.0319 -372.26636 -372.3968 -372.52722 -372.65765 -372.7881 -372.91852 -373.04895 -373.17938 -373.3098 -373.44025 -373.57068 -373.7011 -373.83154 -373.96198 -374.35416 -374.97525 -375.59634 -376.21744 -376.83853
-377.9527 -377.39062 -376.82855 -376.28418 -375.79068 -375.2972 -374.8037 -374.3102 -373.81674 -373.32324 -372.82977 -372.33627 -371.84277 -371.38904 -370.9989 -370.76694 -370.535 -370.30307 -370.0711 -369.77863 -369.46518 -369.15173 -368.83826 -368.5248 -368.21133 -367.8979 -367.5844 -367.27097 -366.95752 -366.52795 -366.03848 -365.6009 -365.36755 -365.1342 -364.90082 -364.66748 -364.4341 -364.20074 -363.96738 -363.73404 -363.50067 -363.2673 -363.03397 -362.79697 -362.51932 -362.24164 -361.96396 -361.97733 -362.2251 -362.4331 -362.56354 -362.69397 -362.8244 -362.95483 -363.08527 -363.2157 -363.34613 -363.47656 -363.607 -363.73743 -363.86786 -363.9983 -364.12872 -364.25916 -364.3896 -364.52002 -364.65045 -365.06665 -365.68774 -366.3088 -366.9299 -367.551
-370.01068 -369.44858 -368.8865 -368.35837 -367.86487 -367.3714 -366.8779 -366.38443 -365.89093 -365.39743 -364.90396 -364.41046 -363.91696 -363.32028 -362.7315 -362.39914 -362.08566 -361.77222 -361.45877 -361.1453 -360.83185 -360.51837 -360.20493 -359.89145 -359.578 -359.26456 -358.95108 -358.63763 -358.16287 -357.6734 -357.18393 -356.69446 -356.43948 -356.20612 -355.97278 -355.7394 -355.50604 -355.2727 -355.03934 -354.80597 -354.57263 -354.33926 -354.1059 -353.87253 -353.6392 -353.40582 -353.21463 -353.16745 -353.16928 -353.17108 -353.252 -353.38245 -353.51288 -353.6433 -353.77374 -353.90417 -354.0346 -354.16504 -354.29547 -354.4259 -354.55634 -354.68677 -354.8172 -354.94763 -355.07806 -355.2085 -355.33893 -355.7791 -356.4002 -357.0213 -357.6424 -358.26346
-362.06863 -361.50653 -360.94446 -360.43256 -359.9391 -359.4456 -358.9521 -358.45862 -357.96512 -357.43124 -356.7985 -356.16574 -355.53296 -354.92514 -354.3623 -353.79947 -353.45233 -353.1389 -352.8254 -352.51196 -352.19852 -351.88504 -351.5716 -351.25812 -350.94467 -350.6312 -350.28726 -349.7978 -349.30832 -348.81885 -348.32938 -347.8399 -347.51144 -347.27808 -347.0447 -346.81137 -346.578 -346.34464 -346.11127 -345.87793 -345.64456 -345.4112 -345.17786 -344.9445 -344.71112 -344.64218 -344.57437 -344.52148 -344.52332 -344.52512 -344.52695 -344.52875 -344.53058 -344.53238 -344.5342 -344.59265 -344.72308 -344.85352 -344.98395 -345.11438 -345.2448 -345.37524 -345.50568 -345.6361 -345.76654 -345.89697 -346.0274 -346.4916 -347.11267 -347.73376 -348.35486 -348.97595
-354.1266 -353.56448 -353.0024 -352.50674 -352.01328 -351.51978 -350.90942 -350.27667 -349.64392 -349.01117 -348.37842 -347.74567 -347.1188 -346.55597 -345.9931 -345.43027 -344.86743 -344.50555 -344.19208 -343.87863 -343.56516 -343.2517 -342.93823 -342.6248 -342.31134 -341.9222 -341.43274 -340.94327 -340.4538 -339.96432 -339.47482 -338.98535 -338.58337 -338.35004 -338.11667 -337.8833 -337.64993 -337.4166 -337.18323 -336.94986 -336.71652 -336.48315 -336.2498 -336.13757 -336.06973 -336.00192 -335.93408 -335.87552 -335.87735 -335.87915 -335.88098 -335.88278 -335.8846 -335.88644 -335.88824 -335.89008 -335.89188 -335.8937 -335.8955 -335.89734 -335.9333 -336.06372 -336.19415 -336.3246 -336.45502 -336.58545 -336.71588 -337.20407 -337.82516 -338.44626 -339.06732 -339.68842
-346.6056 -345.827 -345.0204 -344.38763 -343.75485 -343.1221 -342.48935 -341.8566 -341.22385 -340.5911 -339.95834 -339.32556 -338.7496 -338.18677 -337.62393 -337.06107 -336.49823 -335.9354 -335.55875 -335.2453 -334.93182 -334.61838 -334.3049 -333.99146 -333.55713 -333.06766 -332.5782 -332.0887 -331.59924 -331.10977 -330.6203 -330.13083 -329.65533 -329.42197 -329.1886 -328.95526 -328.7219 -328.48853 -328.2552 -328.02182 -327.78845 -327.63297 -327.56512 -327.49728 -327.42947 -327.36163 -327.29382 -327.22955 -327.23138 -327.2332 -327.23502 -327.23682 -327.23865 -327.24048 -327.24228 -327.2441 -327.2459 -327.24774 -327.24954 -327.25137 -327.2532 -327.255 -327.25684 -327.25864 -327.26047 -327.27393 -327.40436 -327.91653 -328.53763 -329.15872 -329.77982 -330.4009
-338.87708 -337.8778 -336.8785 -335.96756 -335.33478 -334.70203 -334.06927 -333.43652 -332.80377 -332.17102 -331.53827 -330.94327 -330.38043 -329.81757 -329.25473 -328.6919 -328.12903 -327.5662 -327.00336 -326.61194 -326.2985 -325.98502 -325.67157 -325.19205 -324.70258 -324.2131 -323.72363 -323.23416 -322.7447 -322.25522 -321.76575 -321.27628 -320.7868 -320.49393 -320.26056 -320.0272 -319.79382 -319.5605 -319.32712 -319.12833 -319.06052 -318.99268 -318.92487 -318.85703 -318.78918 -318.72137 -318.65353 -318.5857 -318.58542 -318.58722 -318.58905 -318.59088 -318.59268 -318.5945 -318.5963 -318.59814 -318.59995 -318.60178 -318.60358 -318.6054 -318.60724 -318.60904 -318.59613 -318.4409 -318.28568 -318.13043 -318.3538 -318.80142 -319.2842 -319.90704 -320.52988 -321.1527
-330.78732 -329.78806 -328.78876 -327.78946 -326.9147 -326.28195 -325.6492 -325.01645 -324.3837 -323.75095 -323.1369 -322.57407 -322.01123 -321.4484 -320.88553 -320.3227 -319.75986 -319.197 -318.63416 -318.07132 -317.66516 -317.31644 -316.82697 -316.3375 -315.84802 -315.35855 -314.86908 -314.3796 -313.89014 -313.40067 -312.9112 -312.42172 -311.93225 -311.56586 -311.3325 -311.09915 -310.86578 -310.63242 -310.5559 -310.48807 -310.42023 -310.35242 -310.28458 -310.21674 -310.14893 -310.0811 -310.01328 -309.94543 -309.93945 -309.94128 -309.94308 -309.94492 -309.94672 -309.94855 -309.95035 -309.95218 -309.95398 -309.82364 -309.66843 -309.51318 -309.35797 -309.20273 -309.0475 -308.89227 -308.73703 -309.03198 -309.4796 -309.92728 -310.3749 -310.82254 -311.28372 -311.90656
-322.69757 -321.69827 -320.699 -319.6997 -318.7004 -317.86188 -317.22913 -316.59637 -315.96362 -315.33087 -314.76773 -314.20486 -313.64203 -313.0792 -312.51636 -311.9535 -311.39066 -310.82782 -310.26495 -309.6005 -308.86777 -308.3706 -307.92395 -307.47733 -306.99347 -306.504 -306.01453 -305.52505 -305.03558 -304.5461 -304.05664 -303.56717 -303.0777 -302.63782 -302.40445 -302.17108 -302.05127 -301.98346 -301.91562 -301.84778 -301.77997 -301.71213 -301.64432 -301.57648 -301.50864 -301.44083 -301.373 -301.30515 -301.2935 -301.29532 -301.29712 -301.2064 -301.05115 -300.89594 -300.7407 -300.58548 -300.43024 -300.27502 -300.11978 -299.96457 -299.80933 -299.6541 -299.49887 -299.34363 -299.71017 -300.1578 -300.60544 -301.0531 -301.50073 -301.94836 -302.396 -302.84366
