test/UKGEOS_Glasgow/EXPORTS/ASCII(5mCell)/Faults/Fault_f37_50m_GGERFS_Predrill(5m).asc
ncols 81
nrows 66
xllcenter 260000.0
yllcenter 661918.1
cellsize 5.0
nodata_value 10e32
[rows 28 to 55 of 66, columns 0 to 62 of 81]
-218.66484 -222.76747 -227.11916 -231.47083 -235.6994 -239.92064 -244.14186 -248.36308 -252.61638 -256.99573 -261.3751 -265.75443 -270.1338 -274.40427 -278.62262 -282.84097 -287.05933 -291.27768 -295.72708 -300.21265 -304.6982 -309.18375 -313.6693 -318.15488 -322.64044 -327.12598 -331.61154 -336.0971 -340.4373 -344.6715 -348.9057 -353.13992 -357.37415 -361.60837 -365.84256 -370.07678 -374.311 -378.54523 -382.77942 -387.01364 -391.24786 -395.4821 -399.49768 -403.4773 -407.45688 -411.43646 -415.4541 -419.49805 -423.54196 -427.55594 -431.5244 -435.4929 -439.46133 10e32 10e32 10e32 10e32 10e32 10e32 10e32 10e32 10e32 10e32
-208.67963 -212.68607 -216.69252 -221.01283 -225.3645 -229.71619 -234.06786 -238.37788 -242.5991 -246.82034 -251.14192 -255.52129 -259.88913 -264.10748 -268.32584 -272.5442 -276.76254 -280.9809 -285.19925 -289.53998 -294.02554 -298.5111 -302.99664 -307.4822 -311.96777 -316.45334 -320.90506 -325.2693 -329.6335 -333.9863 -338.3161 -342.60608 -346.89606 -351.1845 -355.41873 -359.65295 -363.88718 -368.12137 -372.3556 -376.5898 -380.82404 -385.05823 -389.29245 -393.42142 -397.401 -401.3806 -405.38214 -409.4261 -413.47 -417.51392 -421.55783 -425.57608 -429.54453 -433.513 10e32 10e32 10e32 10e32 10e32 10e32 10e32 10e32 10e32
-198.69441 -202.70087 -206.7073 -210.71376 -214.90651 -219.25818 -223.60986 -227.96153 -232.31322 -236.6649 -241.01657 -245.28813 -249.59235 -253.8107 -258.02905 -262.2474 -266.46576 -270.6841 -274.90247 -279.12082 -283.35287 -287.83844 -292.324 -296.80957 -301.2951 -305.68814 -310.05237 -314.4166 -318.78082 -323.14322 -327.4943 -331.8454 -336.18314 -340.47308 -344.76306 -349.05304 -353.34302 -357.633 -361.92297 -366.16595 -370.40018 -374.6344 -378.86862 -383.1028 -387.33704 -391.32474 -395.31018 -399.3541 -403.39804 -407.44196 -411.48587 -415.52982 -419.57373 -423.5962 -427.56467 10e32 10e32 10e32 10e32 10e32 10e32 10e32 10e32
-188.7092 -192.71565 -196.72209 -200.72855 -204.735 -208.80019 -213.15187 -217.50354 -221.85522 -226.2069 -230.55858 -234.91025 -239.13336 -243.33487 -247.59152 -251.84818 -256.10483 -260.36148 -264.60568 -268.82404 -273.0424 -277.26074 -281.65134 -286.10696 -290.4712 -294.83545 -299.19968 -303.5639 -307.92813 -312.2924 -316.65118 -321.0023 -325.35336 -329.70447 -334.05014 -338.34012 -342.6301 -346.92007 -351.21005 -355.50003 -359.79 -364.07996 -368.36993 -372.6599 -376.9132 -381.1474 -385.24847 -389.28214 -393.32608 -397.37 -401.4139 -405.45786 -409.50177 -413.5457 -417.58963 -421.61633 10e32 10e32 10e32 10e32 10e32 10e32 10e32
-178.69879 -182.72629 -186.7369 -190.74333 -194.74979 -198.75624 -202.76268 -207.04555 -211.39722 -215.7489 -220.10057 -224.45226 -228.64885 -232.81305 -236.97723 -241.20604 -245.46269 -249.71935 -253.976 -258.23264 -262.4893 -266.74594 -271.0026 -275.2833 -279.6185 -283.98273 -288.347 -292.7112 -297.07544 -301.43967 -305.80392 -310.15918 -314.51025 -318.86136 -323.21246 -327.56354 -331.91464 -336.20715 -340.49713 -344.7871 -349.0771 -353.36703 -357.657 -361.947 -366.23697 -370.52695 -374.81693 -379.105 -383.27707 -387.3505 -391.3984 -395.44635 -399.49426 -403.5422 -407.59012 -411.63803 10e32 10e32 10e32 10e32 10e32 10e32 10e32
-168.65277 -172.68027 -176.70776 -180.73526 -184.76276 -188.77103 -192.77747 -196.78392 -200.93922 -205.2909 -209.64258 -213.99425 -218.16434 -222.32854 -226.49272 -230.65692 -234.8211 -239.0772 -243.33385 -247.5905 -251.84715 -256.1038 -260.36044 -264.641 -268.92267 -273.2043 -277.4943 -281.85852 -286.22275 -290.58698 -294.95123 -299.31546 -303.66718 -308.01825 -312.36935 -316.72043 -321.07153 -325.4226 -329.7737 -334.0742 -338.36417 -342.6541 -346.9441 -351.23407 -355.52405 -359.81403 -364.104 -368.42734 -372.7516 -376.92365 -381.0957 -385.26776 -389.43982 -393.56738 -397.6153 -401.66324 -405.71115 10e32 10e32 10e32 10e32 10e32 10e32
-158.60677 -162.63426 -166.66176 -170.68924 -174.71674 -178.74423 -182.77173 -186.7987 -190.80516 -194.8329 -199.18459 -203.51562 -207.67982 -211.84401 -216.00821 -220.17241 -224.3366 -228.5008 -232.6917 -236.94835 -241.205 -245.46165 -249.7183 -253.99872 -258.28036 -262.56204 -266.8437 -271.12537 -275.407 -279.73428 -284.0985 -288.46277 -292.82407 -297.17514 -301.52625 -305.87732 -310.22842 -314.57953 -318.9306 -323.2817 -327.63278 -331.9412 -336.23117 -340.52115 -344.81113 -349.1011 -353.39435 -357.72025 -362.04614 -366.372 -370.57022 -374.74228 -378.91434 -383.0864 -387.25845 -391.4305 -395.60257 -399.77463 10e32 10e32 10e32 10e32 10e32
-148.56075 -152.58824 -156.61574 -160.64323 -164.67073 -168.69823 -172.72572 -176.7532 -180.7807 -184.8082 -188.83284 -193.03111 -197.19531 -201.3595 -205.5237 -209.6879 -213.85208 -218.01628 -222.18047 -226.34467 -230.56285 -234.8195 -239.07616 -243.35641 -247.63808 -251.91974 -256.20142 -260.48306 -264.76474 -269.0464 -273.32806 -277.61008 -281.9743 -286.33203 -290.68314 -295.03424 -299.3853 -303.73642 -308.0875 -312.4386 -316.78967 -321.14078 -325.49185 -329.80823 -334.0982 -338.38818 -342.68726 -347.01312 -351.33902 -355.66492 -359.9908 -364.2168 -368.38885 -372.5609 -376.73297 -380.90503 -385.0771 -389.46262 10e32 10e32 10e32 10e32 10e32
-138.39508 -142.37277 -146.38353 -150.39427 -154.40501 -158.41576 -162.42651 -166.43726 -170.448 -174.45876 -178.4695 -182.48024 -186.58058 -190.7704 -194.96022 -199.15004 -203.33986 -207.52966 -211.69595 -215.86015 -220.02434 -224.18854 -228.434 -232.71413 -236.99579 -241.27745 -245.55911 -249.84077 -254.12244 -258.40408 -262.68576 -266.96332 -271.23633 -275.50934 -279.83493 -284.18805 -288.54117 -292.8933 -297.2444 -301.5955 -305.94656 -310.29767 -314.64877 -318.99985 -323.35095 -327.67526 -331.98013 -336.30603 -340.63193 -344.95782 -349.28372 -353.6096 -357.86334 -362.0354 -366.20746 -370.41797 -374.82236 -379.22678 -383.63116 10e32 10e32 10e32 10e32
-128.32336 -132.19263 -136.06187 -139.93114 -143.89023 -147.90099 -151.91173 -155.92247 -159.93321 -163.94397 -167.95471 -171.96545 -175.97621 -180.0553 -184.24512 -188.43494 -192.62474 -196.81456 -201.00438 -205.1942 -209.38402 -213.57382 -217.77184 -222.00478 -226.27779 -230.5508 -234.8238 -239.09683 -243.36984 -247.64285 -251.91586 -256.18887 -260.46188 -264.7349 -269.01492 -273.3042 -277.65732 -282.0104 -286.36353 -290.71664 -295.06976 -299.42288 -303.776 -308.1291 -312.4822 -316.83533 -321.2111 -325.56866 -329.90424 -334.2398 -338.57535 -342.9025 -347.2284 -351.50992 -355.7777 -360.18213 -364.58652 -368.9909 -373.39532 -377.7997 10e32 10e32 10e32
-118.25165 -122.1209 -125.99016 -129.85942 -133.72867 -137.59793 -141.46718 -145.40768 -149.41844 -153.42918 -157.43993 -161.45067 -165.46143 -169.47217 -173.53001 -177.71982 -181.90964 -186.09946 -190.28928 -194.4791 -198.6689 -202.86311 -207.07887 -211.29463 -215.51038 -219.77635 -224.04936 -228.32239 -232.5954 -236.86841 -241.14142 -245.41443 -249.68745 -253.96046 -258.2392 -262.52176 -266.80432 -271.12656 -275.47968 -279.8328 -284.1859 -288.53903 -292.89212 -297.24524 -301.59836 -305.95148 -310.32855 -314.72665 -319.11642 -323.452 -327.78757 -332.12314 -336.4587 -340.79428 -345.32385 -349.8968 -354.35068 -358.7551 -363.1595 -367.5639 -371.9683 10e32 10e32
-108.17993 -112.04919 -115.91844 -119.7877 -123.65695 -127.52621 -131.39546 -135.26471 -139.13397 -143.00322 -146.92514 -150.9359 -154.94664 -158.95738 -162.96812 -167.00471 -171.19453 -175.38435 -179.57417 -183.76398 -187.95438 -192.17014 -196.3859 -200.60165 -204.81741 -209.03317 -213.27493 -217.54794 -221.82095 -226.09396 -230.36697 -234.63998 -238.91301 -243.18602 -247.46349 -251.74605 -256.02863 -260.3112 -264.59583 -268.94894 -273.30206 -277.65515 -282.00827 -286.3614 -290.7145 -295.06763 -299.446 -303.84412 -308.24225 -312.64035 -316.9998 -321.33536 -325.67093 -330.0065 -334.45044 -339.0745 -343.69855 -348.2739 -352.80777 -357.3281 -361.73248 10e32 10e32
-98.108215 -101.97747 -105.846725 -109.71598 -113.585236 -117.45449 -121.323746 -125.193 -129.06226 -132.9315 -136.80077 -140.67001 -144.53928 -148.4426 -152.45335 -156.4641 -160.47943 -164.66925 -168.85905 -173.04887 -177.26141 -181.47716 -185.69292 -189.90868 -194.12444 -198.3402 -202.55595 -206.7735 -211.04651 -215.31952 -219.59253 -223.86554 -228.13857 -232.41158 -236.68777 -240.97034 -245.2529 -249.53546 -253.81802 -258.1006 -262.41818 -266.7713 -271.12442 -275.47754 -279.83066 -284.18378 -288.56348 -292.96158 -297.35968 -301.7578 -306.1559 -310.54758 -314.88315 -319.21872 -323.57703 -328.20108 -332.82513 -337.4492 -342.07324 -346.65103 -351.1849 -355.71878 10e32
-88.03658 -91.90591 -95.77515 -99.64439 -103.51362 -107.38286 -111.2521 -115.12134 -118.99058 -122.85982 -126.72906 -130.5983 -134.46756 -138.3368 -142.20605 -146.07532 -149.96005 -153.97081 -158.14395 -162.35268 -166.56844 -170.7842 -174.99995 -179.21571 -183.43147 -187.64723 -191.86299 -196.07875 -200.2945 -204.54507 -208.81808 -213.09111 -217.36412 -221.63713 -225.91206 -230.19463 -234.47719 -238.75975 -243.04231 -247.32487 -251.60744 -255.89 -260.24057 -264.5937 -268.9468 -273.2999 -277.68094 -282.07904 -286.47714 -290.87527 -295.27338 -299.67148 -304.06958 -308.4309 -312.76648 -317.32767 -321.95172 -326.57578 -331.19983 -335.82388 -340.44794 -345.02817 -349.56204
-77.96487 -81.83424 -85.70361 -89.57285 -93.44209 -97.31133 -101.18057 -105.04981 -108.919044 -112.788284 -116.657524 -120.526764 -124.396 -128.26524 -132.13448 -136.00372 -139.87296 -143.74672 -147.66972 -151.72551 -155.87546 -160.09122 -164.30698 -168.52274 -172.7385 -176.95425 -181.17001 -185.38577 -189.60153 -193.81729 -198.04364 -202.31667 -206.58968 -210.86269 -215.13635 -219.41891 -223.70148 -227.98404 -232.2666 -236.54916 -240.83173 -245.11429 -249.39685 -253.70982 -258.06296 -262.41605 -266.7984 -271.1965 -275.5946 -279.9927 -284.39084 -288.78894 -293.18704 -297.58514 -301.9787 -306.45425 -311.0783 -315.70236 -320.32642 -324.95047 -329.57452 -334.19858 -338.82263
-67.89315 -71.76253 -75.631905 -79.50128 -83.37056 -87.2398 -91.10904 -94.97828 -98.84752 -102.71676 -106.586 -110.45523 -114.32447 -118.19371 -122.06295 -125.94317 -129.85641 -133.76967 -137.69969 -141.6439 -145.63197 -149.7417 -153.85144 -157.96118 -162.07092 -166.26129 -170.47704 -174.6928 -178.90855 -183.12431 -187.34007 -191.55583 -195.81523 -200.08824 -204.36125 -208.6432 -212.92577 -217.20833 -221.49089 -225.77345 -230.05602 -234.33858 -238.62114 -242.9037 -247.18626 -251.5322 -255.91585 -260.31396 -264.71207 -269.11017 -273.50827 -277.90546 -282.29077 -286.6761 -291.0614 -295.52148 -300.17926 -304.85992 -309.48392 -314.10788 -318.73187 -323.35587 -327.97983
-57.821434 -61.69081 -65.56019 -69.429565 -73.29894 -77.168274 -81.03751 -84.90675 -88.775986 -92.645226 -96.514465 -100.383705 -104.252945 -108.139626 -112.05287 -115.966125 -119.87937 -123.79262 -127.72967 -131.67197 -135.6196 -139.57956 -143.64816 -147.7579 -151.86763 -155.97737 -160.08711 -164.19685 -168.30658 -172.43135 -176.64711 -180.86287 -185.07863 -189.3138 -193.5868 -197.8675 -202.15005 -206.43262 -210.71518 -214.99774 -219.2803 -223.56287 -227.84543 -232.12799 -236.41148 -240.69637 -245.02286 -249.38943 -253.77473 -258.16006 -262.54535 -266.93066 -271.31598 -275.7013 -280.08658 -284.5794 -289.13382 -293.7534 -298.45712 -303.16083 -307.86456 -312.54263 -317.1666
10e32 10e32 10e32 -59.35785 -63.227226 -67.0966 -70.96598 -74.83522 -78.70446 -82.5737 -86.44294 -90.336075 -94.24933 -98.162575 -102.07582 -105.989075 -109.90232 -113.81734 -117.759636 -121.701935 -125.64423 -129.5953 -133.55525 -137.55461 -141.66435 -145.7741 -149.88383 -153.99356 -158.1033 -162.21304 -166.32278 -170.43251 -174.54225 -178.652 -182.81717 -187.09178 -191.37474 -195.65962 -199.9445 -204.22939 -208.51427 -212.79915 -217.08403 -221.36891 -225.6538 -229.93867 -234.26651 -238.64212 -243.0004 -247.30573 -251.61104 -255.95586 -260.34116 -264.72647 -269.1118 -273.63733 -278.1917 -282.74612 -287.3275 -292.03125 -296.735 -301.4387 -306.14243
10e32 10e32 10e32 10e32 10e32 10e32 10e32 -64.76364 -68.63293 -72.53253 -76.44578 -80.35903 -84.27228 -88.185524 -92.09878 -96.012024 -99.92527 -103.847305 -107.789604 -111.7319 -115.6742 -119.6165 -123.571 -127.53095 -131.4909 -135.5708 -139.68054 -143.79028 -147.90002 -152.00977 -156.11949 -160.22923 -164.33897 -168.44872 -172.55844 -176.54535 -180.69658 -184.90193 -189.18681 -193.4717 -197.75658 -202.04146 -206.32634 -210.61122 -214.8961 -219.18098 -223.49185 -227.86748 -232.24309 -236.61871 -240.97795 -245.28326 -249.58858 -253.89389 -258.19922 -262.69522 -267.24963 -271.80405 -276.35846 -280.91284 -285.60538 -290.3091 -295.01285
10e32 10e32 10e32 10e32 10e32 10e32 10e32 10e32 10e32 10e32 10e32 -70.38198 -74.29523 -78.20848 -82.12173 -86.03497 -89.94823 -93.87728 -97.81958 -101.76188 -105.70418 -109.64648 -113.588776 -117.54669 -121.50665 -125.466606 -129.47726 -133.587 -137.69673 -141.80647 -145.91621 -150.02596 -154.1357 -158.24542 -162.35516 -166.31264 -170.30263 -174.4568 -178.61096 -182.76512 -186.99889 -191.28377 -195.56865 -199.85353 -204.13841 -208.4233 -212.71721 -217.09283 -221.46844 -225.84407 -230.21968 -234.5953 -238.9555 -243.26082 -247.56613 -251.87144 -256.3564 -260.88278 -265.41635 -269.97076 -274.52518 -279.1795 -283.88324
10e32 10e32 10e32 10e32 10e32 10e32 10e32 10e32 10e32 10e32 10e32 10e32 10e32 10e32 10e32 10e32 -79.971176 -83.90725 -87.84955 -91.79185 -95.734146 -99.676445 -103.618744 -107.56244 -111.52239 -115.482346 -119.4423 -123.40225 -127.493454 -131.6032 -135.71294 -139.82266 -143.9324 -148.04214 -152.12341 -156.07993 -160.03644 -164.06285 -168.21701 -172.37117 -176.52533 -180.67949 -184.83366 -189.09584 -193.38072 -197.6656 -201.95049 -206.31818 -210.6938 -215.06941 -219.44504 -223.82065 -228.19627 -232.57188 -236.93306 -241.23837 -245.54369 -250.02939 -254.55576 -259.08212 -263.6085 -268.13748 -272.75363
10e32 10e32 10e32 10e32 10e32 10e32 10e32 10e32 10e32 10e32 10e32 10e32 10e32 10e32 10e32 10e32 10e32 10e32 10e32 10e32 -85.76412 -89.70642 -93.64872 -97.59102 -101.53814 -105.49809 -109.458046 -113.418 -117.37795 -121.39991 -125.50965 -129.61938 -133.72913 -137.83887 -141.8907 -145.84721 -149.80373 -153.76024 -157.82306 -161.97722 -166.1314 -170.28555 -174.43971 -178.59387 -182.74803 -186.90791 -191.1928 -195.54353 -199.91916 -204.29477 -208.6704 -213.046 -217.42163 -221.79724 -226.17287 -230.54848 -234.91061 -239.21593 -243.70236 -248.22873 -252.7551 -257.2908 -261.9119
10e32 10e32 10e32 10e32 10e32 10e32 10e32 10e32 10e32 10e32 10e32 10e32 10e32 10e32 10e32 10e32 10e32 10e32 10e32 10e32 10e32 10e32 10e32 10e32 10e32 -95.51383 -99.473785 -103.43374 -107.3937 -111.35365 -115.31361 -119.4161 -123.52584 -127.63558 -131.65799 -135.6145 -139.57101 -143.52753 -147.48402 -151.58328 -155.73744 -159.8916 -164.04576 -168.19992 -172.3541 -176.50826 -180.65047 -184.76947 -189.13385 -193.51141 -197.88898 -202.26654 -206.6441 -211.02167 -215.39821 -219.77383 -224.14944 -228.52507 -232.88815 -237.37534 -241.98306 -246.60416 -251.22525
10e32 10e32 10e32 10e32 10e32 10e32 10e32 10e32 10e32 10e32 10e32 10e32 10e32 10e32 10e32 10e32 10e32 10e32 10e32 10e32 10e32 10e32 10e32 10e32 10e32 10e32 10e32 10e32 10e32 -101.36939 -105.329346 -109.28931 -113.322556 -117.4323 -121.42528 -125.38178 -129.3383 -133.2948 -137.25131 -141.20782 -145.34349 -149.49765 -153.65182 -157.80598 -161.96014 -166.09476 -170.18234 -174.26993 -178.42807 -182.70866 -187.08623 -191.46379 -195.84135 -200.21892 -204.59648 -208.97404 -213.35161 -217.72917 -222.10674 -226.5712 -231.19968 -235.89435 -240.5386
10e32 10e32 10e32 10e32 10e32 10e32 10e32 10e32 10e32 10e32 10e32 10e32 10e32 10e32 10e32 10e32 10e32 10e32 10e32 10e32 10e32 10e32 10e32 10e32 10e32 10e32 10e32 10e32 10e32 10e32 10e32 10e32 10e32 -107.22901 -111.19256 -115.14907 -119.10558 -123.062096 -127.0186 -130.97511 -134.94954 -139.10371 -143.25787 -147.41203 -151.53905 -155.62663 -159.71422 -163.8018 -167.91147 -172.08667 -176.28348 -180.66104 -185.0386 -189.41617 -193.79373 -198.1713 -202.54886 -206.92642 -211.30399 -215.77266 -220.32768 -224.89221 -229.58688
10e32 10e32 10e32 10e32 10e32 10e32 10e32 10e32 10e32 10e32 10e32 10e32 10e32 10e32 10e32 10e32 10e32 10e32 10e32 10e32 10e32 10e32 10e32 10e32 10e32 10e32 10e32 10e32 10e32 10e32 10e32 10e32 10e32 10e32 10e32 10e32 10e32 10e32 -116.78589 -120.7424 -124.698906 -128.70976 -132.86392 -136.98334 -141.07092 -145.15851 -149.2461 -153.33368 -157.42126 -161.57007 -165.74527 -169.92046 -174.23586 -178.61342 -182.99098 -187.36855 -191.74611 -196.12367 -200.50124 -204.9741 -209.52913 -214.08415 -218.63918
10e32 10e32 10e32 10e32 10e32 10e32 10e32 10e32 10e32 10e32 10e32 10e32 10e32 10e32 10e32 10e32 10e32 10e32 10e32 10e32 10e32 10e32 10e32 10e32 10e32 10e32 10e32 10e32 10e32 10e32 10e32 10e32 10e32 10e32 10e32 10e32 10e32 10e32 10e32 10e32 10e32 10e32 -122.42762 -126.515205 -130.6028 -134.69038 -138.77797 -142.86555 -146.95314 -151.05348 -155.22867 -159.40387 -163.57906 -167.81067 -172.18823 -176.5658 -180.94336 -185.32092 -189.69849 -194.17557 -198.73059 -203.2856 -207.84062
10e32 10e32 10e32 10e32 10e32 10e32 10e32 10e32 10e32 10e32 10e32 10e32 10e32 10e32 10e32 10e32 10e32 10e32 10e32 10e32 10e32 10e32 10e32 10e32 10e32 10e32 10e32 10e32 10e32 10e32 10e32 10e32 10e32 10e32 10e32 10e32 10e32 10e32 10e32 10e32 10e32 10e32 10e32 10e32 10e32 10e32 10e32 -132.39742 -136.485 -140.57259 -144.71208 -148.88727 -153.06247 -157.23766 -161.41284 -165.76305 -170.14061 -174.51817 -178.89574 -183.37701 -187.93204 -192.48706 -197.04208
