test/UKGEOS_Glasgow/EXPORTS/ASCII(5mCell)/Faults/Fault_Burnside_50m_GGERFS_Predrill(5m).asc
ncols 441
nrows 59
xllcenter 260566.11
yllcenter 660850.0
cellsize 5.0
nodata_value 10e32
[rows 29 to 57 of 59, columns 65 to 129 of 441]
-121.559784 -124.87794 -128.1962 -131.51799 -134.83977 -138.16513 -141.49092 -144.77052 -147.95268 -151.13483 -154.31697 -157.49913 -160.68127 -163.86342 -167.04556 -170.22772 -173.40987 -176.59201 -179.77417 -182.95631 -186.13846 -189.18665 -192.09634 -194.85522 -197.6141 -200.37299 -203.13187 -205.89075 -208.64963 -211.40851 -214.16739 -216.92627 -219.68515 -222.44383 -224.99174 -227.52116 -229.96297 -232.40479 -234.8466 -237.28842 -239.73024 -242.17204 -244.61386 -247.05568 -249.4975 -251.91867 -254.3 -256.4331 -258.54462 -260.65613 -262.76767 -264.87918 -266.9907 -269.1022 -271.2137 -273.32526 -275.36948 -277.39105 -279.41263 -281.4342 -283.40842 -285.28253 -287.15668 -289.0308 -290.90494
-117.03558 -120.35374 -123.67262 -126.99441 -130.31621 -133.63893 -136.96472 -140.29053 -143.61632 -146.84576 -150.02791 -153.21007 -156.39221 -159.57436 -162.75652 -165.93866 -169.1208 -172.30296 -175.4851 -178.66725 -181.84941 -184.89264 -187.9276 -190.86394 -193.62282 -196.3817 -199.14058 -201.89946 -204.65834 -207.41722 -210.1761 -212.93498 -215.69386 -218.45274 -221.04526 -223.59317 -226.12299 -228.5648 -231.00662 -233.44844 -235.89024 -238.33206 -240.77388 -243.2157 -245.65752 -248.09932 -250.51738 -252.72604 -254.93471 -257.06268 -259.1742 -261.28574 -263.39725 -265.50876 -267.62027 -269.73178 -271.81625 -273.83783 -275.8594 -277.86783 -279.74197 -281.6161 -283.49023 -285.36435 -287.2385
-112.51138 -115.82954 -119.14905 -122.47084 -125.792625 -129.11441 -132.43852 -135.76433 -139.09012 -142.41591 -145.73886 -148.921 -152.10315 -155.28531 -158.46745 -161.6496 -164.83176 -168.0139 -171.19604 -174.3782 -177.56035 -180.59865 -183.6336 -186.66856 -189.63155 -192.39043 -195.1493 -197.90819 -200.66707 -203.42595 -206.18483 -208.94371 -211.70259 -214.46147 -217.09875 -219.64667 -222.19458 -224.72482 -227.16664 -229.60846 -232.05026 -234.49208 -236.9339 -239.37572 -241.81754 -244.25934 -246.60374 -248.81241 -251.02109 -253.22975 -255.43842 -257.6471 -259.8038 -261.9153 -264.02682 -266.13834 -268.24988 -270.28458 -272.30615 -274.2014 -276.0755 -277.94965 -279.82376 -281.6979 -283.57202
-107.98718 -111.305336 -114.62547 -117.947266 -121.26905 -124.59084 -127.912636 -131.23813 -134.56392 -137.88971 -141.21552 -144.5413 -147.8141 -150.99625 -154.17839 -157.36053 -160.5427 -163.72484 -166.90698 -170.08914 -173.2697 -176.30466 -179.33961 -182.37457 -185.40953 -188.39914 -191.15802 -193.9169 -196.67578 -199.43466 -202.19354 -204.95242 -207.7113 -210.47018 -213.15227 -215.70018 -218.2481 -220.796 -223.32666 -225.76848 -228.21028 -230.6521 -233.09392 -235.53574 -237.97754 -240.41936 -242.69012 -244.89879 -247.10745 -249.31613 -251.5248 -253.73346 -255.94214 -258.1508 -260.35947 -262.5449 -264.6564 -266.73135 -268.6608 -270.5349 -272.40906 -274.28317 -276.15732 -278.03143 -279.90558
-103.46298 -106.781136 -110.1019 -113.42369 -116.74548 -120.06727 -123.38906 -126.71192 -130.03772 -133.36351 -136.68932 -140.0151 -143.3409 -146.6667 -149.88933 -153.07149 -156.25363 -159.43578 -162.61794 -165.80008 -168.9757 -172.01065 -175.04561 -178.08057 -181.11552 -184.15048 -187.16675 -189.92563 -192.68451 -195.44339 -198.20227 -200.96115 -203.72003 -206.47891 -209.20578 -211.7537 -214.3016 -216.84952 -219.39743 -221.9285 -224.3703 -226.81212 -229.25394 -231.69576 -234.13756 -236.56783 -238.77649 -240.98515 -243.19383 -245.4025 -247.61116 -249.81984 -252.0285 -254.23717 -256.44583 -258.6545 -260.86414 -263.0098 -264.92746 -266.83817 -268.74258 -270.61673 -272.49084 -274.365 -276.2391
-98.92418 -102.25693 -105.57832 -108.900116 -112.22191 -115.54369 -118.865486 -122.18728 -125.51152 -128.83731 -132.16312 -135.4889 -138.8147 -142.1405 -145.4663 -148.78242 -151.96457 -155.14673 -158.32887 -161.51102 -164.6817 -167.71666 -170.75162 -173.78658 -176.82153 -179.85649 -182.89145 -185.9264 -188.69322 -191.4521 -194.21098 -196.96986 -199.72874 -202.48763 -205.2465 -207.8072 -210.35512 -212.90303 -215.45094 -217.99886 -220.53032 -222.97214 -225.41396 -227.85577 -230.29758 -232.65419 -234.86287 -237.07153 -239.2802 -241.48886 -243.69754 -245.9062 -248.11487 -250.32355 -252.54164 -254.76266 -256.9837 -259.00812 -260.95874 -262.86945 -264.78012 -266.69083 -268.60153 -270.51224 -272.42294
-94.2653 -97.632324 -101.054756 -104.37654 -107.69833 -111.02013 -114.34191 -117.663704 -120.9855 -124.31111 -127.63691 -130.9627 -134.2885 -137.6143 -140.9401 -144.26588 -147.59169 -150.85767 -154.03981 -157.22195 -160.38771 -163.42267 -166.45763 -169.49258 -172.52754 -175.5625 -178.59746 -181.63242 -184.66737 -187.46083 -190.21971 -192.97859 -195.73747 -198.49635 -201.25523 -203.86072 -206.40863 -208.95654 -211.50446 -214.05237 -216.60028 -219.13216 -221.57397 -224.0158 -226.4576 -228.74057 -230.94923 -233.1579 -235.36658 -237.57524 -239.7839 -241.99814 -244.21916 -246.44019 -248.66121 -250.88225 -253.0553 -255.00644 -256.95755 -258.9007 -260.8114 -262.7221 -264.6328 -266.54352 -268.45422
-89.49125 -92.900055 -96.43595 -99.8097 -103.17476 -106.49655 -109.81834 -113.14013 -116.46192 -119.78491 -123.11071 -126.43651 -129.7623 -133.0881 -136.4139 -139.73969 -143.06549 -146.39128 -149.71707 -152.9329 -156.09372 -159.12868 -162.16362 -165.19858 -168.23354 -171.2685 -174.30345 -177.33841 -180.37337 -183.40833 -186.22842 -188.9873 -191.74619 -194.50507 -197.26395 -199.91423 -202.46214 -205.01006 -207.55797 -210.10587 -212.65378 -215.20169 -217.734 -220.1758 -222.61761 -224.82693 -227.0356 -229.24428 -231.45462 -233.67564 -235.89667 -238.1177 -240.33873 -242.55975 -244.78078 -247.00182 -249.05362 -251.00475 -252.95587 -254.907 -256.84268 -258.7534 -260.6641 -262.5748 -264.4855
-84.71719 -88.167786 -91.72973 -95.18614 -98.55989 -101.93364 -105.29477 -108.616554 -111.93835 -115.26014 -118.58451 -121.9103 -125.2361 -128.56189 -131.8877 -135.21349 -138.53929 -141.86508 -145.19087 -148.51668 -151.79971 -154.83467 -157.86963 -160.90459 -163.93954 -166.9745 -170.00946 -173.04442 -176.07938 -179.11433 -182.14929 -184.99602 -187.75491 -190.5138 -193.27267 -195.96774 -198.51564 -201.06355 -203.61147 -206.15938 -208.70729 -211.2552 -213.80312 -216.33582 -218.70464 -220.91331 -223.13214 -225.35316 -227.57419 -229.79521 -232.01625 -234.23727 -236.4583 -238.67932 -240.90036 -243.1008 -245.05193 -247.00305 -248.95418 -250.90532 -252.85645 -254.78465 -256.69534 -258.60605 -260.51675
-79.943146 -83.43552 -86.99746 -90.55941 -93.93634 -97.31008 -100.68383 -104.05758 -107.41477 -110.736565 -114.05835 -117.3841 -120.7099 -124.0357 -127.36149 -130.68729 -134.01308 -137.33604 -140.6519 -143.96774 -147.2836 -150.45308 -153.52907 -156.60506 -159.64555 -162.68051 -165.71547 -168.75043 -171.78539 -174.82034 -177.8553 -180.89026 -183.76363 -186.5225 -189.28139 -192.02124 -194.56915 -197.11707 -199.66498 -202.21289 -204.7608 -207.30872 -209.85663 -212.38956 -214.80965 -217.03067 -219.25171 -221.47273 -223.69376 -225.91478 -228.13582 -230.35684 -232.57787 -234.79889 -237.01993 -239.0991 -241.05023 -243.00137 -244.9525 -246.90363 -248.85475 -250.8059 -252.72662 -254.63733 -256.54803
-75.16909 -78.70325 -82.2652 -85.82714 -89.31278 -92.68653 -96.06028 -99.43403 -102.80777 -106.18152 -109.53478 -112.8579 -116.1837 -119.5095 -122.83251 -126.14836 -129.46422 -132.78006 -136.09592 -139.41177 -142.72762 -146.02815 -149.10414 -152.18013 -155.25612 -158.3321 -161.4081 -164.45642 -167.49138 -170.52634 -173.5613 -176.59625 -179.63121 -182.53122 -185.29012 -188.049 -190.62267 -193.17058 -195.71849 -198.2664 -200.81432 -203.36223 -205.8278 -208.29044 -210.75307 -213.15025 -215.37128 -217.5923 -219.81332 -222.03436 -224.25539 -226.47641 -228.69743 -230.91847 -233.1395 -235.09741 -237.04855 -238.99968 -240.9508 -242.90193 -244.85307 -246.8042 -248.75533 -250.66861 -252.5793
-70.409035 -73.97098 -77.53293 -81.09487 -84.65682 -88.06298 -91.43673 -94.81047 -98.18422 -101.55797 -104.93171 -108.30546 -111.64483 -114.96068 -118.276535 -121.592384 -124.90823 -128.22409 -131.53993 -134.85579 -138.17165 -141.48749 -144.6792 -147.75519 -150.83118 -153.90717 -156.98315 -160.05914 -163.13515 -166.21114 -169.2673 -172.30226 -175.33722 -178.37218 -181.29883 -184.05771 -186.67618 -189.22409 -191.772 -194.31992 -196.8034 -199.26604 -201.72867 -204.1913 -206.65393 -209.11656 -211.49084 -213.71187 -215.93289 -218.15393 -220.37495 -222.59598 -224.817 -227.03804 -229.1446 -231.09573 -233.04686 -234.99799 -236.94913 -238.90025 -240.85138 -242.8025 -244.75365 -246.69987 -248.61058
-65.676765 -69.23871 -72.80066 -76.3626 -79.92455 -83.43942 -86.81317 -90.18692 -93.56067 -96.93441 -100.30816 -103.67965 -107.03176 -110.383865 -113.72055 -117.03641 -120.35226 -123.668106 -126.98396 -130.2998 -133.61566 -136.93152 -140.24736 -143.33025 -146.40625 -149.48224 -152.55823 -155.63422 -158.7102 -161.7862 -164.86218 -167.93817 -171.01416 -174.07819 -177.11314 -180.06642 -182.72969 -185.2776 -187.779 -190.24164 -192.70427 -195.1669 -197.62955 -200.09218 -202.55481 -205.01744 -207.48007 -209.83144 -212.05247 -214.2735 -216.49452 -218.71555 -220.93658 -223.15761 -225.14291 -227.09404 -229.04517 -230.9963 -232.94743 -234.89856 -236.84969 -238.80083 -240.75195 -242.70308 -244.64424
-60.944496 -64.50644 -68.06839 -71.63033 -75.19228 -78.75423 -82.18962 -85.56337 -88.93711 -92.31086 -95.68461 -99.050156 -102.40226 -105.754364 -109.10647 -112.45858 -115.79628 -119.11213 -122.42798 -125.743835 -129.0597 -132.37553 -135.69139 -138.90532 -141.98131 -145.0573 -148.13329 -151.20927 -154.28526 -157.36125 -160.43724 -163.51324 -166.58923 -169.66522 -172.74121 -175.8172 -178.75462 -181.21725 -183.67989 -186.14252 -188.60515 -191.06778 -193.53041 -195.99304 -198.45567 -200.9183 -203.38094 -205.84358 -208.17204 -210.39307 -212.61409 -214.83511 -217.05615 -219.1901 -221.14122 -223.09235 -225.04349 -226.99461 -228.94574 -230.89688 -232.848 -234.79913 -236.78033 -238.76208 -240.73143
-56.212227 -59.774174 -63.33612 -66.89806 -70.460014 -74.02196 -77.56607 -80.93981 -84.31356 -87.68731 -91.06106 -94.42066 -97.772766 -101.12487 -104.476974 -107.82908 -111.18118 -114.53329 -117.872 -121.18786 -124.50371 -127.81956 -131.1354 -134.45126 -137.55637 -140.63235 -143.70834 -146.78435 -149.86034 -152.93633 -156.01231 -159.0883 -162.16429 -165.24028 -168.35216 -171.48932 -174.62648 -177.17328 -179.61633 -182.05939 -184.50601 -186.96864 -189.43129 -191.89392 -194.35655 -196.81918 -199.28181 -201.74445 -204.20708 -206.51263 -208.73366 -210.9547 -213.17572 -215.1884 -217.13954 -219.09067 -221.0418 -222.99292 -224.94406 -226.91327 -228.89502 -230.87677 -232.85852 -234.84026 -236.822
-51.479958 -55.041904 -58.60385 -62.1658 -65.727745 -69.289696 -72.85164 -76.31626 -79.69001 -83.06375 -86.4375 -89.79116 -93.143265 -96.49538 -99.84748 -103.199585 -106.55169 -109.90379 -113.2559 -116.608 -119.94773 -123.26358 -126.57943 -129.89528 -133.13144 -136.20743 -139.28342 -142.3594 -145.4354 -148.51138 -151.58737 -154.66336 -157.78935 -160.92651 -164.06367 -167.20085 -170.33801 -173.15022 -175.59328 -178.03633 -180.47939 -182.92244 -185.3655 -187.80855 -190.25742 -192.72005 -195.18268 -197.64532 -200.10796 -202.57059 -204.85323 -207.07426 -209.23558 -211.18672 -213.13785 -215.08897 -217.04619 -219.02794 -221.00969 -222.99144 -224.97319 -226.95494 -228.93669 -230.91844 -232.90019
-46.747692 -50.309635 -53.871582 -57.43353 -60.995476 -64.55743 -68.11937 -71.68132 -75.06645 -78.4402 -81.80956 -85.16167 -88.51377 -91.865875 -95.21798 -98.57008 -101.922195 -105.2743 -108.6264 -111.97851 -115.33061 -118.68272 -122.02345 -125.3393 -128.65515 -131.78249 -134.85847 -137.93446 -141.01045 -144.08939 -147.22656 -150.36372 -153.50089 -156.63805 -159.7752 -162.91237 -166.04953 -169.12717 -171.57022 -174.01328 -176.45633 -178.89938 -181.34244 -183.78549 -186.22855 -188.67159 -191.11464 -193.5577 -196.00882 -198.47145 -200.93408 -203.19383 -205.2339 -207.18503 -209.16086 -211.14261 -213.12436 -215.10611 -217.08786 -219.06961 -221.05136 -223.03311 -225.01486 -226.99661 -228.97836
-42.015423 -45.57737 -49.139317 -52.701263 -56.26321 -59.825157 -63.387104 -66.94905 -70.4429 -73.81665 -77.18006 -80.532166 -83.88428 -87.23638 -90.588486 -93.94059 -97.292694 -100.6448 -103.9969 -107.349014 -110.70112 -114.05322 -117.40533 -120.75743 -124.09918 -127.35755 -130.43353 -133.5266 -136.66376 -139.80092 -142.93808 -146.07524 -149.2124 -152.34956 -155.48672 -158.62389 -161.76105 -164.89822 -167.54716 -169.99022 -172.43327 -174.87633 -177.31938 -179.76244 -182.20549 -184.64853 -187.09158 -189.53464 -191.97769 -194.42075 -196.8638 -199.2938 -201.27553 -203.25728 -205.23903 -207.22078 -209.20253 -211.18428 -213.16603 -215.14778 -217.12953 -219.11128 -221.09303 -223.07478 -225.05653
-37.283154 -40.8451 -44.407047 -47.968994 -51.53094 -55.092888 -58.654835 -62.21678 -65.778725 -69.1931 -72.55057 -75.90267 -79.254776 -82.60688 -85.958984 -89.3111 -92.6632 -96.015305 -99.36741 -102.71951 -106.07162 -109.42372 -112.776215 -116.14414 -119.51208 -122.880005 -126.09689 -129.23811 -132.37527 -135.51244 -138.6496 -141.78676 -144.92392 -148.0611 -151.19826 -154.33542 -157.47258 -160.60974 -163.52411 -165.96716 -168.41022 -170.85327 -173.29633 -175.73938 -178.18243 -180.62549 -183.06853 -185.51158 -187.95464 -190.45967 -193.01181 -195.38269 -197.35219 -199.33545 -201.3172 -203.29895 -205.2807 -207.26245 -209.2442 -211.22595 -213.2077 -215.18945 -217.1712 -219.15295 -221.1347
-32.516987 -36.088615 -39.660244 -43.23187 -46.79867 -50.36062 -53.922565 -57.484512 -61.04646 -64.56896 -67.921074 -71.27318 -74.63809 -78.00603 -81.373955 -84.74189 -88.10982 -91.47775 -94.84568 -98.213615 -101.58154 -104.94948 -108.317406 -111.68534 -115.05327 -118.41157 -121.63446 -124.83496 -128.02295 -131.21092 -134.36113 -137.49829 -140.63545 -143.77261 -146.90977 -150.04694 -153.1841 -156.32126 -159.45842 -161.9441 -164.38716 -166.83022 -169.27327 -171.71632 -174.15938 -176.60243 -179.04549 -181.57321 -184.12535 -186.67749 -189.22963 -191.47159 -193.4284 -195.41103 -197.39539 -199.37712 -201.35887 -203.34062 -205.32237 -207.30412 -209.28587 -211.26762 -213.24937 -215.23112 -217.21288
-27.536266 -31.107893 -34.67952 -38.25115 -41.822773 -45.3944 -48.96603 -52.537655 -56.109283 -59.731297 -63.42611 -66.811356 -70.17929 -73.54722 -76.91515 -80.28308 -83.65102 -87.01894 -90.38688 -93.75481 -97.12274 -100.49067 -103.858604 -107.22653 -110.59447 -113.92894 -117.15183 -120.374725 -123.57304 -126.76102 -129.94899 -133.13698 -136.32495 -139.48413 -142.62129 -145.75845 -148.89563 -152.03279 -155.16995 -157.92107 -160.3641 -162.80716 -165.25021 -167.69327 -170.13632 -172.68674 -175.23888 -177.79102 -180.34315 -182.8953 -185.44743 -187.56049 -189.51729 -191.48445 -193.46986 -195.45526 -197.43706 -199.4188 -201.40054 -203.3823 -205.36404 -207.3458 -209.32755 -211.3093 -213.29105
-22.475561 -26.12717 -29.698797 -33.270424 -36.842052 -40.41368 -43.985306 -47.556934 -51.128563 -54.78788 -58.60702 -62.225777 -65.72048 -69.08842 -72.456345 -75.82428 -79.19221 -82.56014 -85.92807 -89.296005 -92.66393 -96.03187 -99.399796 -102.76773 -106.13566 -109.44631 -112.669205 -115.8921 -119.11499 -122.311104 -125.499084 -128.68707 -131.87505 -135.06302 -138.251 -141.43898 -144.60715 -147.74431 -150.88147 -153.89801 -156.34105 -158.7841 -161.24814 -163.80028 -166.35242 -168.90456 -171.4567 -174.00883 -176.56097 -179.1131 -181.66524 -183.64938 -185.60619 -187.563 -189.54329 -191.5287 -193.5141 -195.49698 -197.47873 -199.46046 -201.44221 -203.42397 -205.40572 -207.38747 -209.36922
-17.286198 -21.092922 -24.718075 -28.289703 -31.86133 -35.432957 -39.004585 -42.57621 -46.14784 -49.844463 -53.663605 -57.423904 -61.025444 -64.62698 -67.99754 -71.36547 -74.733406 -78.10133 -81.46927 -84.8372 -88.20513 -91.57306 -94.940994 -98.30892 -101.67686 -104.963684 -108.18658 -111.40947 -114.63236 -117.855255 -121.04918 -124.23716 -127.42514 -130.61311 -133.8011 -136.98907 -140.17706 -143.36504 -146.55301 -149.73016 -152.36166 -154.9138 -157.46594 -160.01808 -162.57022 -165.12236 -167.6745 -170.22664 -172.77878 -175.33092 -177.78146 -179.73828 -181.69508 -183.6519 -185.61673 -187.60213 -189.58754 -191.57294 -193.5569 -195.53865 -197.5204 -199.50214 -201.48389 -203.46564 -205.44739
-12.096834 -15.903559 -19.710285 -23.30898 -26.880608 -30.452234 -34.02386 -37.59549 -41.167114 -44.901047 -48.72019 -52.539326 -56.22357 -59.825115 -63.426655 -66.90667 -70.2746 -73.64253 -77.01046 -80.378395 -83.74632 -87.11426 -90.48219 -93.85012 -97.218056 -100.48106 -103.70395 -106.92684 -110.149734 -113.37263 -116.59552 -119.78725 -122.97523 -126.16321 -129.3512 -132.53917 -135.72714 -138.91513 -142.1031 -145.27496 -148.36922 -151.13162 -153.68376 -156.2359 -158.78804 -161.34016 -163.8923 -166.44444 -168.99658 -171.54872 -173.87036 -175.82718 -177.78398 -179.7408 -181.6976 -183.67557 -185.66096 -187.64638 -189.63177 -191.61682 -193.59857 -195.58032 -197.56207 -199.54381 -201.52556
-6.9074697 -10.714195 -14.520921 -18.327646 -21.899885 -25.471512 -29.043139 -32.614765 -36.186394 -39.95763 -43.776768 -47.59591 -51.415047 -55.023243 -58.624783 -62.226326 -65.815796 -69.18373 -72.55166 -75.91959 -79.28752 -82.65546 -86.023384 -89.39132 -92.75925 -95.99843 -99.22132 -102.444214 -105.66711 -108.89 -112.11289 -115.335785 -118.52532 -121.7133 -124.90128 -128.08926 -131.27724 -134.46523 -137.6532 -140.77667 -143.87093 -146.96518 -149.90157 -152.4537 -155.00584 -157.55798 -160.11012 -162.66226 -165.2144 -167.76654 -169.95926 -171.91608 -173.87288 -175.8297 -177.7865 -179.749 -181.7344 -183.7198 -185.70522 -187.69061 -189.67603 -191.6585 -193.64024 -195.622 -197.60374
-1.7181059 -5.5248313 -9.331556 -13.138282 -16.919163 -20.49079 -24.062416 -27.634045 -31.205671 -35.014214 -38.83335 -42.652493 -46.47163 -50.22137 -53.82291 -57.424454 -61.025993 -64.62753 -68.09286 -71.460785 -74.82872 -78.19665 -81.56458 -84.93251 -88.292915 -91.51581 -94.7387 -97.96159 -101.18449 -104.40738 -107.63027 -110.85316 -114.07542 -117.26339 -120.45137 -123.63935 -126.82733 -130.0153 -133.18411 -136.27837 -139.37262 -142.46687 -145.56113 -148.65538 -151.22365 -153.77579 -156.32793 -158.88007 -161.4322 -163.98434 -166.04816 -168.00497 -169.96178 -171.9186 -173.8754 -175.8322 -177.80783 -179.79324 -181.77864 -183.76405 -185.74945 -187.73486 -189.71841 -191.70016 -193.68192
3.471258 -0.33546737 -4.142193 -7.948918 -11.755644 -15.510067 -19.081694 -22.653322 -26.251656 -30.070797 -33.889935 -37.709076 -41.528214 -45.347355 -49.021038 -52.62258 -56.22412 -59.82566 -63.427204 -67.00198 -70.36991 -73.73785 -77.105774 -80.47371 -83.81029 -87.03318 -90.25607 -93.478966 -96.70186 -99.92475 -103.147644 -106.37054 -109.59343 -112.813484 -116.001465 -119.189445 -122.377426 -125.56541 -128.68582 -131.78008 -134.87433 -137.96858 -141.06284 -144.15709 -147.25133 -149.9936 -152.54575 -155.09787 -157.65001 -160.18025 -162.13705 -164.09386 -166.05067 -168.00748 -169.9643 -171.9211 -173.88127 -175.86667 -177.85208 -179.83748 -181.82289 -183.8083 -185.7937 -187.77834 -189.76009
8.660622 4.8538966 1.0471712 -2.7595541 -6.5662794 -10.373005 -14.100972 -17.6726 -21.308239 -25.127378 -28.946518 -32.76566 -36.584797 -40.40394 -44.21917 -47.82071 -51.42225 -55.02379 -58.62533 -62.22687 -65.828415 -69.27904 -72.64697 -76.0149 -79.32766 -82.55055 -85.773445 -88.99634 -92.21923 -95.44212 -98.665016 -101.88791 -105.1108 -108.333694 -111.55156 -114.73953 -117.92751 -121.09327 -124.18752 -127.28178 -130.37602 -133.47028 -136.56453 -139.65878 -142.75304 -145.84729 -148.76355 -151.31569 -153.86783 -156.26913 -158.22595 -160.18275 -162.13957 -164.09637 -166.05319 -168.01 -169.96681 -171.94011 -173.9255 -175.91092 -177.89632 -179.88173 -181.86714 -183.85254 -185.83795
13.849986 10.043261 6.236535 2.4298098 -1.3769156 -5.183641 -8.990366 -12.691876 -16.364822 -20.183962 -24.003101 -27.82224 -31.64138 -35.46052 -39.27966 -43.018837 -46.620377 -50.22192 -53.82346 -57.425 -61.02654 -64.62808 -68.18816 -71.5561 -74.84503 -78.067924 -81.29082 -84.51371 -87.7366 -90.959496 -94.18239 -97.40528 -100.628174 -103.85107 -107.07396 -110.28963 -113.47761 -116.59497 -119.689224 -122.78348 -125.87773 -128.97198 -132.06624 -135.16049 -138.25475 -141.34898 -144.44324 -147.5335 -150.08563 -152.35803 -154.31485 -156.27165 -158.22847 -160.18527 -162.14209 -164.09889 -166.05571 -168.01353 -169.99895 -171.98434 -173.96976 -175.95515 -177.94057 -179.92598 -181.91138
