test/UKGEOS_Glasgow/EXPORTS/ASCII(5mCell)/Faults/Fault_Blythswood_50m_GGERFS_Predrill(5m).asc
ncols 516
nrows 229
xllcenter 260000.0
yllcenter 662430.06
cellsize 5.0
nodata_value 10e32
[rows 96 to 127 of 229, columns 432 to 503 of 516]
-225.598 -220.15579 -214.54869 -208.90224 -203.2558 -197.15578 -190.55623 -183.95668 -177.35713 -170.75758 -164.15804 -157.3207 -150.25938 -143.19809 -136.13678 -128.6927 -120.91162 -113.13054 -104.485405 -95.57302 -86.66064 -77.40288 -67.11032 -56.81776 -46.506596 -35.79106 -25.074997 10e32 10e32 10e32 10e32 10e32 10e32 10e32 10e32 10e32 10e32 10e32 10e32 10e32 10e32 10e32 10e32 10e32 10e32 10e32 10e32 10e32 10e32 10e32 10e32 10e32 10e32 10e32 10e32 10e32 10e32 10e32 10e32 10e32 10e32 10e32 10e32 10e32 10e32 10e32 10e32 10e32 10e32 10e32 10e32 10e32
-230.34737 -224.90515 -219.33835 -213.6919 -208.04546 -202.39902 -196.23221 -189.63266 -183.03311 -176.43356 -169.83401 -162.95586 -155.89455 -148.83325 -141.77194 -134.71065 -127.09713 -119.31605 -110.850876 -101.93849 -93.02611 -84.11372 -74.4099 -64.11733 -53.66135 -42.945454 -32.22989 -21.514324 10e32 10e32 10e32 10e32 10e32 10e32 10e32 10e32 10e32 10e32 10e32 10e32 10e32 10e32 10e32 10e32 10e32 10e32 10e32 10e32 10e32 10e32 10e32 10e32 10e32 10e32 10e32 10e32 10e32 10e32 10e32 10e32 10e32 10e32 10e32 10e32 10e32 10e32 10e32 10e32 10e32 10e32 10e32 10e32
-235.09673 -229.65451 -224.128 -218.48155 -212.83511 -207.18866 -201.54222 -195.30865 -188.7091 -182.10956 -175.51001 -168.59102 -161.52972 -154.46841 -147.4071 -140.34581 -133.28264 -125.50156 -117.216354 -108.30397 -99.39158 -90.479195 -81.56681 -71.41691 -60.815914 -50.10035 -39.38478 -28.669224 10e32 10e32 10e32 10e32 10e32 10e32 10e32 10e32 10e32 10e32 10e32 10e32 10e32 10e32 10e32 10e32 10e32 10e32 10e32 10e32 10e32 10e32 10e32 10e32 10e32 10e32 10e32 10e32 10e32 10e32 10e32 10e32 10e32 10e32 10e32 10e32 10e32 10e32 10e32 10e32 10e32 10e32 10e32 10e32
-239.84608 -234.40387 -228.91765 -223.27121 -217.62477 -211.97832 -206.33188 -200.68544 -194.38509 -187.78554 -181.18599 -174.22618 -167.16489 -160.10358 -153.04227 -145.98097 -138.91966 -131.68706 -123.581825 -114.66944 -105.75706 -96.84467 -87.93229 -78.68639 -67.970825 -57.25526 -46.539696 -35.82413 -25.108564 10e32 10e32 10e32 10e32 10e32 10e32 10e32 10e32 10e32 10e32 10e32 10e32 10e32 10e32 10e32 10e32 10e32 10e32 10e32 10e32 10e32 10e32 10e32 10e32 10e32 10e32 10e32 10e32 10e32 10e32 10e32 10e32 10e32 10e32 10e32 10e32 10e32 10e32 10e32 10e32 10e32 10e32 10e32
-244.59544 -239.15323 -233.7073 -228.06087 -222.41443 -216.76797 -211.12154 -205.47508 -199.82864 -193.46153 -186.86198 -179.86134 -172.80005 -165.73874 -158.67743 -151.61613 -144.55482 -137.49353 -129.9473 -121.03492 -112.117294 -103.12617 -94.13505 -85.14392 -75.01966 -64.41002 -53.69445 -42.978886 -32.26332 -21.547754 10e32 10e32 10e32 10e32 10e32 10e32 10e32 10e32 10e32 10e32 10e32 10e32 10e32 10e32 10e32 10e32 10e32 10e32 10e32 10e32 10e32 10e32 10e32 10e32 10e32 10e32 10e32 10e32 10e32 10e32 10e32 10e32 10e32 10e32 10e32 10e32 10e32 10e32 10e32 10e32 10e32 10e32
-249.3448 -243.90259 -238.46037 -232.85052 -227.20407 -221.55763 -215.9112 -210.26474 -204.6183 -198.97186 -192.53796 -185.4965 -178.43521 -171.3739 -164.3126 -157.2513 -150.20398 -143.16238 -136.12079 -127.20236 -118.211235 -109.22011 -100.22898 -91.237854 -81.83303 -71.283066 -60.7331 -50.133644 -39.418076 -28.70251 -17.986946 10e32 10e32 10e32 10e32 10e32 10e32 10e32 10e32 10e32 10e32 10e32 10e32 10e32 10e32 10e32 10e32 10e32 10e32 10e32 10e32 10e32 10e32 10e32 10e32 10e32 10e32 10e32 10e32 10e32 10e32 10e32 10e32 10e32 10e32 10e32 10e32 10e32 10e32 10e32 10e32 10e32
-254.09416 -248.65195 -243.20973 -237.64018 -231.99373 -226.34729 -220.70085 -215.0544 -209.40796 -203.7615 -198.10187 -191.17001 -184.12842 -177.08682 -170.04523 -163.00362 -155.96202 -148.92043 -141.87883 -133.42438 -124.30517 -115.31404 -106.322914 -97.33179 -88.34067 -78.096436 -67.54647 -56.996506 -46.44654 -35.85727 -25.141703 10e32 10e32 10e32 10e32 10e32 10e32 10e32 10e32 10e32 10e32 10e32 10e32 10e32 10e32 10e32 10e32 10e32 10e32 10e32 10e32 10e32 10e32 10e32 10e32 10e32 10e32 10e32 10e32 10e32 10e32 10e32 10e32 10e32 10e32 10e32 10e32 10e32 10e32 10e32 10e32 10e32
-258.64395 -253.4013 -247.95909 -242.42982 -236.78339 -231.13695 -225.4905 -219.84406 -214.19762 -208.51013 -202.81267 -196.65402 -189.88646 -182.84486 -175.80325 -168.76166 -161.72006 -154.67847 -147.63686 -139.77287 -130.55446 -121.40798 -112.416855 -103.42573 -94.4346 -84.909805 -74.35984 -63.80988 -53.259914 -42.709946 -32.15998 -21.580893 10e32 10e32 10e32 10e32 10e32 10e32 10e32 10e32 10e32 10e32 10e32 10e32 10e32 10e32 10e32 10e32 10e32 10e32 10e32 10e32 10e32 10e32 10e32 10e32 10e32 10e32 10e32 10e32 10e32 10e32 10e32 10e32 10e32 10e32 10e32 10e32 10e32 10e32 10e32 10e32
-263.09332 -258.0147 -252.70845 -247.21948 -241.57304 -235.9266 -230.28015 -224.61588 -218.91841 -213.22095 -207.52347 -201.68932 -195.18486 -188.6029 -181.5613 -174.5197 -167.4781 -160.43651 -153.3949 -146.12137 -136.90295 -127.684525 -118.51079 -109.51966 -100.528534 -91.53741 -81.17322 -70.62325 -60.073284 -49.52332 -38.973354 -28.42339 10e32 10e32 10e32 10e32 10e32 10e32 10e32 10e32 10e32 10e32 10e32 10e32 10e32 10e32 10e32 10e32 10e32 10e32 10e32 10e32 10e32 10e32 10e32 10e32 10e32 10e32 10e32 10e32 10e32 10e32 10e32 10e32 10e32 10e32 10e32 10e32 10e32 10e32 10e32 10e32
-267.5427 -262.4641 -257.3855 -252.00914 -246.3627 -240.71625 -235.02415 -229.32668 -223.62921 -217.93175 -212.23428 -206.53682 -200.22015 -193.7157 -187.21124 -180.27774 -173.23615 -166.19455 -159.15294 -152.11134 -143.25145 -134.03302 -124.8146 -115.6136 -106.622475 -97.63135 -87.98659 -77.43662 -66.88666 -56.33669 -45.786724 -35.22321 -24.633675 10e32 10e32 10e32 10e32 10e32 10e32 10e32 10e32 10e32 10e32 10e32 10e32 10e32 10e32 10e32 10e32 10e32 10e32 10e32 10e32 10e32 10e32 10e32 10e32 10e32 10e32 10e32 10e32 10e32 10e32 10e32 10e32 10e32 10e32 10e32 10e32 10e32 10e32 10e32
-271.8075 -266.8008 -261.79413 -256.7563 -251.12988 -245.43242 -239.73495 -234.03749 -228.34003 -222.64256 -216.94508 -211.24762 -205.25545 -198.75099 -192.24654 -185.74208 -178.99419 -171.95258 -164.91098 -157.86938 -149.59995 -140.38152 -131.1631 -121.94467 -112.72624 -103.72528 -94.73415 -84.24999 -73.70003 -63.150063 -52.5946 -42.00507 -31.415535 -20.71502 10e32 10e32 10e32 10e32 10e32 10e32 10e32 10e32 10e32 10e32 10e32 10e32 10e32 10e32 10e32 10e32 10e32 10e32 10e32 10e32 10e32 10e32 10e32 10e32 10e32 10e32 10e32 10e32 10e32 10e32 10e32 10e32 10e32 10e32 10e32 10e32 10e32 10e32
-276.05215 -271.04544 -266.03876 -260.9087 -255.64522 -250.14323 -244.44577 -238.74829 -233.05083 -227.35336 -221.6559 -215.95844 -210.26096 -203.78629 -197.28183 -190.77737 -184.27292 -177.71062 -170.66902 -163.62743 -155.94844 -146.73001 -137.5116 -128.29317 -119.074745 -109.856316 -100.828094 -91.06336 -80.5134 -69.96344 -59.37646 -48.78693 -38.197395 -27.541334 10e32 10e32 10e32 10e32 10e32 10e32 10e32 10e32 10e32 10e32 10e32 10e32 10e32 10e32 10e32 10e32 10e32 10e32 10e32 10e32 10e32 10e32 10e32 10e32 10e32 10e32 10e32 10e32 10e32 10e32 10e32 10e32 10e32 10e32 10e32 10e32 10e32 10e32
-280.29678 -275.2901 -270.16718 -264.93173 -259.69632 -254.39838 -249.07527 -243.4591 -237.76164 -232.06416 -226.3667 -220.66924 -214.97177 -208.82156 -202.31711 -195.81267 -189.30821 -182.80376 -176.2993 -169.38547 -162.29694 -153.0785 -143.86009 -134.64166 -125.42324 -116.20481 -106.98639 -97.87674 -87.326775 -76.747856 -66.158325 -55.56879 -44.979256 -34.36765 -23.58458 10e32 10e32 10e32 10e32 10e32 10e32 10e32 10e32 10e32 10e32 10e32 10e32 10e32 10e32 10e32 10e32 10e32 10e32 10e32 10e32 10e32 10e32 10e32 10e32 10e32 10e32 10e32 10e32 10e32 10e32 10e32 10e32 10e32 10e32 10e32 10e32 10e32
-284.5414 -279.42566 -274.19022 -268.95477 -263.71936 -258.47464 -253.15154 -247.82843 -242.47244 -236.77498 -231.07751 -225.38005 -219.68257 -213.85686 -207.3524 -200.84795 -194.34349 -187.83905 -181.3346 -174.83014 -168.1019 -159.427 -150.20859 -140.99016 -131.77173 -122.553314 -113.334885 -104.11646 -94.11925 -83.52972 -72.940186 -62.35065 -51.761116 -41.17158 -30.410877 -19.627941 10e32 10e32 10e32 10e32 10e32 10e32 10e32 10e32 10e32 10e32 10e32 10e32 10e32 10e32 10e32 10e32 10e32 10e32 10e32 10e32 10e32 10e32 10e32 10e32 10e32 10e32 10e32 10e32 10e32 10e32 10e32 10e32 10e32 10e32 10e32 10e32
-288.6841 -283.4487 -278.21326 -272.97784 -267.7424 -262.50696 -257.22778 -251.9047 -246.58159 -241.2585 -235.78831 -230.09085 -224.39339 -218.69592 -212.3877 -205.88324 -199.37878 -192.87433 -186.36987 -179.86542 -173.29832 -165.75365 -156.53098 -147.3083 -138.08563 -128.86296 -119.6403 -110.417625 -100.82544 -90.31158 -79.722046 -69.13251 -58.542976 -47.95344 -37.237175 -26.45424 10e32 10e32 10e32 10e32 10e32 10e32 10e32 10e32 10e32 10e32 10e32 10e32 10e32 10e32 10e32 10e32 10e32 10e32 10e32 10e32 10e32 10e32 10e32 10e32 10e32 10e32 10e32 10e32 10e32 10e32 10e32 10e32 10e32 10e32 10e32 10e32
-292.70718 -287.47174 -282.2363 -277.0009 -271.76544 -266.53003 -261.2946 -255.98096 -250.65785 -245.33475 -240.01166 -234.68855 -229.10419 -223.40672 -217.42299 -210.91853 -204.41408 -197.90962 -191.3647 -184.65222 -177.93974 -171.17383 -162.82843 -153.60576 -144.38309 -135.16042 -125.937744 -116.71508 -107.44188 -97.0029 -86.50391 -75.91437 -65.32484 -54.735302 -44.0635 -33.280537 -22.497675 10e32 10e32 10e32 10e32 10e32 10e32 10e32 10e32 10e32 10e32 10e32 10e32 10e32 10e32 10e32 10e32 10e32 10e32 10e32 10e32 10e32 10e32 10e32 10e32 10e32 10e32 10e32 10e32 10e32 10e32 10e32 10e32 10e32 10e32 10e32
-296.73022 -291.49478 -286.25934 -281.02393 -275.78848 -270.55307 -265.31763 -260.05722 -254.73412 -249.41101 -244.0879 -238.76482 -233.44171 -228.11754 -222.42006 -215.95383 -209.43106 -202.7186 -196.00612 -189.29364 -182.58118 -175.8687 -168.14038 -159.83023 -150.68053 -141.45787 -132.2352 -123.01253 -113.789856 -103.61934 -93.18036 -82.69623 -72.1067 -61.517162 -50.889812 -40.10684 -29.323912 -18.540825 10e32 10e32 10e32 10e32 10e32 10e32 10e32 10e32 10e32 10e32 10e32 10e32 10e32 10e32 10e32 10e32 10e32 10e32 10e32 10e32 10e32 10e32 10e32 10e32 10e32 10e32 10e32 10e32 10e32 10e32 10e32 10e32 10e32 10e32
-300.75327 -295.51782 -290.2824 -285.04697 -279.81152 -274.5761 -269.34067 -264.10526 -258.81036 -253.48727 -248.16417 -242.84106 -237.51796 -232.19487 -226.87177 -220.78496 -214.0725 -207.36002 -200.64755 -193.93507 -187.2226 -180.51013 -173.41707 -165.10692 -156.79677 -147.75531 -138.53264 -129.30997 -120.0873 -110.23578 -99.7968 -89.35782 -78.88856 -68.29903 -57.70949 -46.933136 -36.15015 -25.367054 10e32 10e32 10e32 10e32 10e32 10e32 10e32 10e32 10e32 10e32 10e32 10e32 10e32 10e32 10e32 10e32 10e32 10e32 10e32 10e32 10e32 10e32 10e32 10e32 10e32 10e32 10e32 10e32 10e32 10e32 10e32 10e32 10e32 10e32
-304.7763 -299.54086 -294.30545 -289.07 -283.8346 -278.59915 -273.3637 -268.1283 -262.88663 -257.56354 -252.24042 -246.91733 -241.59422 -236.27112 -230.94803 -225.37697 -218.71422 -212.00145 -205.28897 -198.57649 -191.86403 -185.15155 -178.43909 -170.38362 -162.07347 -153.76332 -144.8301 -135.60742 -126.38475 -116.85223 -106.41324 -95.97426 -85.53527 -75.08089 -64.49135 -53.75947 -42.976383 -32.193317 -21.410267 10e32 10e32 10e32 10e32 10e32 10e32 10e32 10e32 10e32 10e32 10e32 10e32 10e32 10e32 10e32 10e32 10e32 10e32 10e32 10e32 10e32 10e32 10e32 10e32 10e32 10e32 10e32 10e32 10e32 10e32 10e32 10e32 10e32
-308.6451 -303.5372 -298.3285 -293.09305 -287.85764 -282.6222 -277.38675 -272.15134 -266.9159 -261.63977 -256.31668 -250.99358 -245.67049 -240.34738 -235.01537 -229.39902 -223.4562 -216.67047 -209.9304 -203.21793 -196.50545 -189.79298 -183.0805 -175.66031 -167.35016 -159.04001 -150.72987 -141.90488 -132.6822 -123.45953 -113.02968 -102.5907 -92.15172 -81.71273 -71.27321 -60.58571 -49.802647 -39.045334 -28.306646 10e32 10e32 10e32 10e32 10e32 10e32 10e32 10e32 10e32 10e32 10e32 10e32 10e32 10e32 10e32 10e32 10e32 10e32 10e32 10e32 10e32 10e32 10e32 10e32 10e32 10e32 10e32 10e32 10e32 10e32 10e32 10e32 10e32
-312.4546 -307.3467 -302.2388 -297.1161 -291.88068 -286.64523 -281.40982 -276.17438 -270.93893 -265.70352 -260.39294 -255.06984 -249.74673 -244.42365 -239.03741 -233.42107 -227.80472 -221.41246 -214.62672 -207.85936 -201.14688 -194.4344 -187.72194 -180.937 -172.62685 -164.31671 -156.00656 -147.69641 -138.97964 -129.75697 -119.646126 -109.20714 -98.76816 -88.32917 -77.91101 -67.48527 -56.749924 -46.01116 -35.272404 -24.533644 10e32 10e32 10e32 10e32 10e32 10e32 10e32 10e32 10e32 10e32 10e32 10e32 10e32 10e32 10e32 10e32 10e32 10e32 10e32 10e32 10e32 10e32 10e32 10e32 10e32 10e32 10e32 10e32 10e32 10e32 10e32 10e32
-316.2641 -311.1562 -306.04828 -300.94037 -295.8325 -290.66827 -285.43286 -280.19742 -274.962 -269.72656 -264.4692 -259.1461 -253.823 -248.4999 -243.05946 -237.44312 -231.82678 -226.15445 -219.36871 -212.58298 -205.79724 -199.07584 -192.36336 -185.6509 -177.90355 -169.5934 -161.28325 -152.9731 -144.66296 -136.05443 -126.262566 -115.823586 -105.4042 -95.05768 -84.71116 -74.36464 -63.7096 -52.976555 -42.239113 -31.500355 -20.761595 10e32 10e32 10e32 10e32 10e32 10e32 10e32 10e32 10e32 10e32 10e32 10e32 10e32 10e32 10e32 10e32 10e32 10e32 10e32 10e32 10e32 10e32 10e32 10e32 10e32 10e32 10e32 10e32 10e32 10e32 10e32
-319.94025 -314.96567 -309.85776 -304.74988 -299.64197 -294.53406 -289.42615 -284.22046 -278.98505 -273.7496 -268.5142 -263.22235 -257.89926 -252.57616 -247.08153 -241.46518 -235.84883 -230.23248 -224.1107 -217.32497 -210.53923 -203.7535 -197.00479 -190.29231 -183.18024 -174.87009 -166.55995 -158.2498 -149.93965 -141.6295 -132.89738 -122.55086 -112.20434 -101.85782 -91.5113 -81.16478 -70.63742 -59.93393 -49.203472 -38.464874 -27.728306 10e32 10e32 10e32 10e32 10e32 10e32 10e32 10e32 10e32 10e32 10e32 10e32 10e32 10e32 10e32 10e32 10e32 10e32 10e32 10e32 10e32 10e32 10e32 10e32 10e32 10e32 10e32 10e32 10e32 10e32 10e32
-323.6098 -318.71872 -313.66727 -308.55936 -303.45145 -298.34354 -293.23563 -288.12775 -283.0081 -277.77264 -272.53723 -267.2986 -261.97552 -256.6524 -251.10358 -245.48723 -239.87088 -234.25453 -228.63818 -222.06696 -215.28122 -208.49547 -201.70973 -194.93375 -188.22127 -180.14679 -171.83664 -163.52649 -155.22954 -146.95108 -138.67262 -129.351 -119.004486 -108.65797 -98.31145 -87.96493 -77.56525 -66.861755 -56.15826 -45.430386 -34.69179 -23.953178 10e32 10e32 10e32 10e32 10e32 10e32 10e32 10e32 10e32 10e32 10e32 10e32 10e32 10e32 10e32 10e32 10e32 10e32 10e32 10e32 10e32 10e32 10e32 10e32 10e32 10e32 10e32 10e32 10e32 10e32
-327.27936 -322.38828 -317.47675 -312.36884 -307.26093 -302.153 -297.04514 -291.93723 -286.8293 -281.7214 -276.56027 -271.32483 -266.05176 -260.72867 -255.12563 -249.50928 -243.89293 -238.27658 -232.66023 -226.80894 -220.0232 -213.23746 -206.45172 -199.66599 -192.88025 -185.42348 -177.13345 -168.855 -160.57652 -152.29807 -144.0196 -135.21223 -125.80463 -115.45811 -105.11159 -94.76507 -84.41855 -73.78957 -63.086082 -52.38259 -41.657303 -30.91871 -20.180117 10e32 10e32 10e32 10e32 10e32 10e32 10e32 10e32 10e32 10e32 10e32 10e32 10e32 10e32 10e32 10e32 10e32 10e32 10e32 10e32 10e32 10e32 10e32 10e32 10e32 10e32 10e32 10e32 10e32
-330.94888 -326.05783 -321.16678 -316.1783 -311.0704 -305.96252 -300.8546 -295.7467 -290.6388 -285.5309 -280.423 -275.3151 -270.11246 -264.76404 -259.14767 -253.53133 -247.91498 -242.29865 -236.6823 -231.06595 -224.76518 -217.97945 -211.19371 -204.40797 -197.62224 -190.55672 -182.48044 -174.20198 -165.92352 -157.64507 -149.3666 -140.8079 -131.67831 -122.258255 -111.911736 -101.565216 -91.2187 -80.7174 -70.01391 -59.310417 -48.606926 -37.88422 -27.145626 10e32 10e32 10e32 10e32 10e32 10e32 10e32 10e32 10e32 10e32 10e32 10e32 10e32 10e32 10e32 10e32 10e32 10e32 10e32 10e32 10e32 10e32 10e32 10e32 10e32 10e32 10e32 10e32 10e32
-334.61844 -329.7274 -324.8363 -319.94525 -314.8799 -309.772 -304.6641 -299.55618 -294.4483 -289.3404 -284.23248 -279.12457 -274.01666 -268.78607 -263.16974 -257.55338 -251.93704 -246.3207 -240.70435 -235.088 -229.47165 -222.72144 -215.9357 -209.14996 -202.36423 -195.26921 -187.6977 -179.54897 -171.27051 -162.99205 -154.7136 -146.4036 -137.27399 -128.1444 -118.711876 -108.36536 -98.01884 -87.64522 -76.94173 -66.238235 -55.534748 -44.831257 -34.111137 -23.372543 10e32 10e32 10e32 10e32 10e32 10e32 10e32 10e32 10e32 10e32 10e32 10e32 10e32 10e32 10e32 10e32 10e32 10e32 10e32 10e32 10e32 10e32 10e32 10e32 10e32 10e32 10e32 10e32
-338.288 -333.39694 -328.50586 -323.6148 -318.6894 -313.58148 -308.47357 -303.3657 -298.25778 -293.14987 -288.04196 -282.93906 -277.8499 -272.76077 -267.25272 -261.57544 -255.95909 -250.34274 -244.7264 -239.11005 -233.4937 -227.46342 -220.67769 -213.89195 -207.10622 -199.98169 -192.41019 -184.83867 -176.6175 -168.33904 -160.06058 -151.78212 -142.86967 -133.74007 -124.61047 -115.165504 -104.818985 -94.472466 -83.86955 -73.16606 -62.46257 -51.75908 -41.055588 -30.338055 -19.460184 10e32 10e32 10e32 10e32 10e32 10e32 10e32 10e32 10e32 10e32 10e32 10e32 10e32 10e32 10e32 10e32 10e32 10e32 10e32 10e32 10e32 10e32 10e32 10e32 10e32 10e32 10e32
-341.95755 -337.0665 -332.1754 -327.28436 -322.39328 -317.39096 -312.28308 -307.17517 -302.06726 -296.95935 -291.87015 -286.78098 -281.69183 -276.6027 -271.4536 -265.72754 -260.00146 -254.36479 -248.74844 -243.1321 -237.51576 -231.89941 -225.41968 -218.63394 -211.8482 -204.69418 -197.12267 -189.55116 -181.9645 -173.68604 -165.40756 -157.1291 -148.46536 -139.33575 -130.20615 -121.07655 -111.619125 -101.272606 -90.79738 -80.09389 -69.390396 -58.6869 -47.98341 -37.27992 -26.564972 10e32 10e32 10e32 10e32 10e32 10e32 10e32 10e32 10e32 10e32 10e32 10e32 10e32 10e32 10e32 10e32 10e32 10e32 10e32 10e32 10e32 10e32 10e32 10e32 10e32 10e32 10e32
-345.67026 -340.75827 -335.8463 -330.95392 -326.06284 -321.17178 -316.09256 -310.98465 -305.89035 -300.8012 -295.71207 -290.6229 -285.53375 -280.44458 -275.35544 -269.9284 -264.20233 -258.4763 -252.77051 -247.15416 -241.53781 -235.92146 -230.16167 -223.37593 -216.5902 -209.40666 -201.83516 -194.26364 -186.69214 -179.03302 -170.75456 -162.4761 -154.06104 -144.93144 -135.80183 -126.67223 -117.54263 -108.072754 -97.7252 -87.021706 -76.318214 -65.61472 -54.911232 -44.20774 -33.50425 -22.588001 10e32 10e32 10e32 10e32 10e32 10e32 10e32 10e32 10e32 10e32 10e32 10e32 10e32 10e32 10e32 10e32 10e32 10e32 10e32 10e32 10e32 10e32 10e32 10e32 10e32 10e32
-349.42447 -344.51248 -339.60052 -334.68854 -329.77655 -324.86456 -319.91058 -314.82144 -309.73227 -304.64313 -299.55396 -294.4648 -289.37567 -284.2865 -279.19736 -274.10822 -268.40323 -262.67715 -256.95108 -251.22502 -245.55986 -239.94351 -234.32716 -228.11792 -221.33218 -214.11914 -206.54764 -198.97612 -191.40462 -183.8331 -176.10155 -167.82309 -159.54463 -150.52713 -141.39752 -132.26791 -123.13831 -114.00871 -104.526375 -93.94953 -83.24604 -72.54255 -61.83985 -51.139317 -40.438786 -29.712486 -18.24608 10e32 10e32 10e32 10e32 10e32 10e32 10e32 10e32 10e32 10e32 10e32 10e32 10e32 10e32 10e32 10e32 10e32 10e32 10e32 10e32 10e32 10e32 10e32 10e32 10e32
-353.17868 -348.2667 -343.35474 -338.44275 -333.53076 -328.61877 -323.6436 -318.62936 -313.5742 -308.48505 -303.39587 -298.30673 -293.2176 -288.12842 -283.03928 -277.95013 -272.6041 -266.87805 -261.15198 -255.4259 -249.69983 -243.97375 -238.34921 -232.73286 -226.07417 -218.83163 -211.26012 -203.68861 -196.1171 -188.5456 -180.97408 -173.17007 -164.89162 -156.1228 -146.99321 -137.8636 -128.734 -119.60439 -110.47479 -100.878006 -90.177475 -79.476944 -68.77641 -58.07588 -47.375343 -36.674812 -25.389086 10e32 10e32 10e32 10e32 10e32 10e32 10e32 10e32 10e32 10e32 10e32 10e32 10e32 10e32 10e32 10e32 10e32 10e32 10e32 10e32 10e32 10e32 10e32 10e32 10e32
