test/UKGEOS_Glasgow/EXPORTS/ASCII(5mCell)/Faults/Fault_Shettleston_50m_GGERFS_Predrill(5m).asc
ncols 1001
nrows 285
xllcenter 260000.0
yllcenter 663576.56
cellsize 5.0
nodata_value 10e32
[rows 192 to 223 of 285, columns 648 to 719 of 1001]
-459.1048 -461.8237 -464.5426 -467.2615 -469.98038 -472.69928 -475.41818 -478.1371 -480.85596 -483.57486 -486.29376 -489.01266 -491.73154 -494.45044 -497.16934 -499.88824 10e32 10e32 10e32 10e32 10e32 10e32 10e32 10e32 10e32 10e32 10e32 10e32 10e32 10e32 10e32 10e32 10e32 10e32 10e32 10e32 10e32 10e32 10e32 10e32 10e32 10e32 10e32 10e32 10e32 10e32 10e32 10e32 10e32 10e32 10e32 10e32 10e32 10e32 10e32 10e32 10e32 10e32 10e32 10e32 10e32 10e32 10e32 10e32 10e32 10e32 10e32 10e32 10e32 10e32 10e32 10e32
-449.71802 -452.4369 -455.1558 -457.8747 -460.5936 -463.31247 -466.03137 -468.75027 -471.46918 -474.18805 -476.90695 -479.62585 -482.34476 -485.06363 -487.78253 -490.50143 -493.22714 -495.96976 -498.7421 10e32 10e32 10e32 10e32 10e32 10e32 10e32 10e32 10e32 10e32 10e32 10e32 10e32 10e32 10e32 10e32 10e32 10e32 10e32 10e32 10e32 10e32 10e32 10e32 10e32 10e32 10e32 10e32 10e32 10e32 10e32 10e32 10e32 10e32 10e32 10e32 10e32 10e32 10e32 10e32 10e32 10e32 10e32 10e32 10e32 10e32 10e32 10e32 10e32 10e32 10e32 10e32 10e32
-440.3312 -443.0501 -445.769 -448.48788 -451.2068 -453.9257 -456.6446 -459.36346 -462.08237 -464.80127 -467.52017 -470.2545 -472.9971 -475.73972 -478.48233 -481.2249 -483.96753 -486.71014 -489.45276 -492.24368 -495.07147 -497.8993 10e32 10e32 10e32 10e32 10e32 10e32 10e32 10e32 10e32 10e32 10e32 10e32 10e32 10e32 10e32 10e32 10e32 10e32 10e32 10e32 10e32 10e32 10e32 10e32 10e32 10e32 10e32 10e32 10e32 10e32 10e32 10e32 10e32 10e32 10e32 10e32 10e32 10e32 10e32 10e32 10e32 10e32 10e32 10e32 10e32 10e32 10e32 10e32 10e32 10e32
-430.83322 -433.6633 -436.3822 -439.1011 -441.81998 -444.53925 -447.28183 -450.02444 -452.76706 -455.50967 -458.2523 -460.99487 -463.7375 -466.4801 -469.22272 -471.96533 -474.70792 -477.45053 -480.19315 -482.93576 -485.7453 -488.5731 -491.40088 -494.2287 -497.0565 -499.88428 10e32 10e32 10e32 10e32 10e32 10e32 10e32 10e32 10e32 10e32 10e32 10e32 10e32 10e32 10e32 10e32 10e32 10e32 10e32 10e32 10e32 10e32 10e32 10e32 10e32 10e32 10e32 10e32 10e32 10e32 10e32 10e32 10e32 10e32 10e32 10e32 10e32 10e32 10e32 10e32 10e32 10e32 10e32 10e32 10e32 10e32
-421.15775 -424.19968 -427.04745 -429.7944 -432.53702 -435.27963 -438.02225 -440.76483 -443.50745 -446.25006 -448.99268 -451.7353 -454.47787 -457.2205 -459.9631 -462.70572 -465.44833 -468.19092 -470.93353 -473.67615 -476.41913 -479.24692 -482.0747 -484.9025 -487.7303 -490.5581 -493.3859 -496.21368 -499.04147 10e32 10e32 10e32 10e32 10e32 10e32 10e32 10e32 10e32 10e32 10e32 10e32 10e32 10e32 10e32 10e32 10e32 10e32 10e32 10e32 10e32 10e32 10e32 10e32 10e32 10e32 10e32 10e32 10e32 10e32 10e32 10e32 10e32 10e32 10e32 10e32 10e32 10e32 10e32 10e32 10e32 10e32 10e32
-411.59866 -414.55356 -417.50845 -420.41074 -423.19223 -425.9737 -428.7552 -431.50525 -434.24783 -436.99045 -439.73306 -442.47568 -445.2183 -447.96088 -450.7035 -453.4461 -456.18872 -458.93134 -461.67392 -464.41653 -467.15915 -469.92075 -472.74854 -475.57632 -478.4041 -481.2319 -484.0597 -486.8875 -489.7153 -492.5431 -495.37088 -498.19867 10e32 10e32 10e32 10e32 10e32 10e32 10e32 10e32 10e32 10e32 10e32 10e32 10e32 10e32 10e32 10e32 10e32 10e32 10e32 10e32 10e32 10e32 10e32 10e32 10e32 10e32 10e32 10e32 10e32 10e32 10e32 10e32 10e32 10e32 10e32 10e32 10e32 10e32 10e32 10e32
-401.95255 -404.90744 -407.86234 -410.81723 -413.77213 -416.55548 -419.33698 -422.11847 -424.89993 -427.68143 -430.46292 -433.21606 -435.95868 -438.7013 -441.44388 -444.1865 -446.9291 -449.67172 -452.41434 -455.15692 -457.89954 -460.64215 -463.42236 -466.25015 -469.07794 -471.90573 -474.73352 -477.5613 -480.3891 -483.21692 -486.0447 -488.8725 -491.7003 -494.52808 -497.35587 10e32 10e32 10e32 10e32 10e32 10e32 10e32 10e32 10e32 10e32 10e32 10e32 10e32 10e32 10e32 10e32 10e32 10e32 10e32 10e32 10e32 10e32 10e32 10e32 10e32 10e32 10e32 10e32 10e32 10e32 10e32 10e32 10e32 10e32 10e32 10e32 10e32
-392.30643 -395.26132 -398.21622 -401.1711 -404.126 -407.0809 -409.91876 -412.70026 -415.48172 -418.2632 -421.0447 -423.82617 -426.60767 -429.38916 -432.17065 -434.92688 -437.6695 -440.4121 -443.15472 -445.89734 -448.63992 -451.38254 -454.12515 -456.92398 -459.75177 -462.57956 -465.40735 -468.23514 -471.06293 -473.89072 -476.7185 -479.5463 -482.3741 -485.2019 -488.0297 -490.85748 -493.68527 -496.51306 -499.34085 10e32 10e32 10e32 10e32 10e32 10e32 10e32 10e32 10e32 10e32 10e32 10e32 10e32 10e32 10e32 10e32 10e32 10e32 10e32 10e32 10e32 10e32 10e32 10e32 10e32 10e32 10e32 10e32 10e32 10e32 10e32 10e32 10e32
-382.66034 -385.61523 -388.5701 -391.525 -394.4799 -397.43478 -400.38968 -403.282 -406.0635 -408.845 -411.6265 -414.40796 -417.18945 -419.97095 -422.7524 -425.5339 -428.3154 -431.0969 -433.87836 -436.63773 -439.38034 -442.12292 -444.86554 -447.60815 -450.42557 -453.25336 -456.08118 -458.90897 -461.73676 -464.56454 -467.39233 -470.22012 -473.0479 -475.8757 -478.70352 -481.5313 -484.3591 -487.1869 -490.01468 -492.84247 -495.67026 -498.49805 10e32 10e32 10e32 10e32 10e32 10e32 10e32 10e32 10e32 10e32 10e32 10e32 10e32 10e32 10e32 10e32 10e32 10e32 10e32 10e32 10e32 10e32 10e32 10e32 10e32 10e32 10e32 10e32 10e32 10e32
-373.12866 -376.01672 -378.924 -381.87888 -384.83377 -387.78867 -390.74356 -393.69846 -396.6453 -399.4268 -402.20825 -404.98975 -407.77124 -410.55273 -413.3342 -416.1157 -418.8972 -421.67865 -424.46014 -427.24164 -430.02313 -432.8046 -435.5861 -438.34854 -441.0994 -443.9272 -446.75497 -449.58276 -452.41058 -455.23837 -458.06616 -460.89395 -463.72174 -466.54953 -469.37732 -472.2051 -475.03293 -477.86072 -480.6885 -483.5163 -486.3441 -489.17188 -491.99966 -494.82745 -497.65527 10e32 10e32 10e32 10e32 10e32 10e32 10e32 10e32 10e32 10e32 10e32 10e32 10e32 10e32 10e32 10e32 10e32 10e32 10e32 10e32 10e32 10e32 10e32 10e32 10e32 10e32 10e32
-363.8221 -366.71017 -369.59824 -372.4863 -375.3744 -378.26245 -381.1505 -384.05234 -387.00723 -389.96213 -392.79004 -395.57153 -398.35303 -401.1345 -403.916 -406.69748 -409.47897 -412.26044 -415.05014 -417.85397 -420.65778 -423.4616 -426.26544 -429.06924 -431.87308 -434.5991 -437.37808 -440.2055 -443.03293 -445.86032 -448.68774 -451.51517 -454.3426 -457.16998 -459.9974 -462.82483 -465.65225 -468.47964 -471.30707 -474.1345 -476.9619 -479.7893 -482.61673 -485.44415 -488.27158 -491.09897 -493.90836 -496.4182 -498.56076 10e32 10e32 10e32 10e32 10e32 10e32 10e32 10e32 10e32 10e32 10e32 10e32 10e32 10e32 10e32 10e32 10e32 10e32 10e32 10e32 10e32 10e32 10e32
-354.51553 -357.4036 -360.2917 -363.17975 -366.0678 -368.95587 -371.84396 -374.73203 -377.6201 -380.50815 -383.39383 -386.26035 -389.06418 -391.868 -394.6718 -397.47565 -400.27948 -403.08328 -405.88712 -408.69095 -411.49478 -414.29858 -417.10242 -419.90625 -422.68628 -425.409 -428.13174 -430.8545 -433.62012 -436.4475 -439.27493 -442.10236 -444.92978 -447.75717 -450.5846 -453.41202 -456.23944 -459.06683 -461.89426 -464.72168 -467.5491 -470.3765 -473.20392 -476.03134 -478.85876 -481.6671 -484.47177 -487.27643 -489.7591 -491.90164 -494.0442 -496.18677 -498.3293 10e32 10e32 10e32 10e32 10e32 10e32 10e32 10e32 10e32 10e32 10e32 10e32 10e32 10e32 10e32 10e32 10e32 10e32 10e32
-345.05685 -348.09705 -350.9851 -353.8732 -356.76126 -359.64932 -362.53738 -365.42548 -368.3119 -371.19513 -374.0784 -376.96164 -379.8449 -382.705 -385.50882 -388.31262 -391.11646 -393.9203 -396.7241 -399.52792 -402.33176 -405.13556 -407.9394 -410.74323 -413.4962 -416.21893 -418.94165 -421.6644 -424.38715 -427.1099 -429.86212 -432.68954 -435.51697 -438.34436 -441.17178 -443.9992 -446.82663 -449.65402 -452.48145 -455.30887 -458.1363 -460.96368 -463.7911 -466.61853 -469.42587 -472.23053 -475.0352 -477.83984 -480.64447 -483.1 -485.24255 -487.3851 -489.52765 -491.6702 -493.81274 -495.9553 -498.09787 10e32 10e32 10e32 10e32 10e32 10e32 10e32 10e32 10e32 10e32 10e32 10e32 10e32 10e32 10e32
-335.46616 -338.64426 -341.67856 -344.56662 -347.45468 -350.34277 -353.22995 -356.1132 -358.99646 -361.8797 -364.76297 -367.6462 -370.52948 -373.41272 -376.296 -379.14963 -381.95343 -384.75726 -387.5611 -390.3649 -393.16873 -395.97256 -398.77637 -401.5802 -404.3061 -407.02884 -409.7516 -412.47433 -415.19705 -417.9198 -420.64255 -423.36526 -426.10416 -428.93155 -431.75897 -434.5864 -437.41382 -440.2412 -443.06863 -445.89606 -448.72345 -451.55087 -454.3783 -457.18463 -459.9893 -462.7939 -465.59857 -468.40323 -471.2079 -474.01254 -476.4409 -478.58344 -480.72598 -482.86853 -485.0111 -487.15366 -489.2962 -491.43875 -493.5813 -495.72385 -497.8664 10e32 10e32 10e32 10e32 10e32 10e32 10e32 10e32 10e32 10e32 10e32
-325.79874 -329.01886 -332.2317 -335.26007 -338.148 -341.03128 -343.91452 -346.7978 -349.68103 -352.5643 -355.44754 -358.33078 -361.21405 -364.0973 -366.98056 -369.8638 -372.74707 -375.59424 -378.39807 -381.2019 -384.0057 -386.80954 -389.61337 -392.39328 -395.11603 -397.83878 -400.5615 -403.28424 -406.007 -408.7297 -411.45245 -414.1752 -416.89795 -419.62067 -422.34616 -425.17358 -428.00098 -430.8284 -433.65582 -436.48325 -439.31064 -442.13806 -444.9434 -447.74802 -450.55267 -453.35733 -456.162 -458.96664 -461.7713 -464.57596 -467.3806 -469.78177 -471.92435 -474.0669 -476.20944 -478.352 -480.49454 -482.6371 -484.77963 -486.9222 -489.06476 -491.2073 -493.34985 -495.4924 -497.63495 -499.7775 10e32 10e32 10e32 10e32 10e32 10e32
-316.11475 -319.33484 -322.55637 -325.8033 -328.8926 -331.75598 -334.61935 -337.4827 -340.3656 -343.24887 -346.1321 -349.01538 -351.89862 -354.7819 -357.66513 -360.5484 -363.43164 -366.3149 -369.19815 -372.03888 -374.8427 -377.6465 -380.45035 -383.2032 -385.92593 -388.64868 -391.37143 -394.09415 -396.8169 -399.53964 -402.2624 -404.9851 -407.70786 -410.4306 -413.15332 -415.87607 -418.59882 -421.4156 -424.243 -427.07043 -429.89746 -432.70212 -435.50677 -438.31143 -441.1161 -443.92075 -446.7254 -449.53006 -452.33472 -455.13937 -457.94403 -460.7487 -463.12268 -465.26523 -467.40778 -469.55032 -471.69287 -473.83545 -475.978 -478.12054 -480.2631 -482.40564 -484.5482 -486.69073 -489.01355 -491.3453 -493.6545 -495.75485 -497.85522 -499.95557 10e32 10e32
-306.43854 -309.6855 -312.9324 -316.17935 -319.4263 -322.61002 -325.47336 -328.33673 -331.2001 -334.06345 -336.92682 -339.7902 -342.65353 -345.5169 -348.38028 -351.24362 -354.1162 -356.99948 -359.88272 -362.766 -365.64923 -368.48352 -371.28732 -374.01312 -376.73587 -379.4586 -382.18134 -384.90408 -387.6268 -390.34955 -393.0723 -395.79504 -398.51776 -401.2405 -403.96326 -406.686 -409.40872 -412.13147 -414.85422 -417.65622 -420.46088 -423.26553 -426.0702 -428.87485 -431.6795 -434.48416 -437.28882 -440.09348 -442.89813 -445.7028 -448.50742 -451.31207 -454.11673 -456.46356 -458.60614 -460.7487 -462.89124 -465.03378 -467.17633 -469.31888 -471.46143 -473.63397 -475.96573 -478.2975 -480.62924 -482.961 -485.29276 -487.53683 -489.63718 -491.73752 -493.8379 -495.93823
-296.81458 -300.06152 -303.30847 -306.55542 -309.80237 -313.04932 -316.29623 -319.19077 -322.0541 -324.91748 -327.78085 -330.6442 -333.50757 -336.37094 -339.23428 -342.09766 -344.96103 -347.8244 -350.68774 -353.55112 -356.4145 -359.27783 -362.12448 -364.8992 -367.62955 -370.3599 -373.09027 -375.82062 -378.55096 -381.2813 -384.01166 -386.742 -389.47238 -392.20273 -394.93307 -397.66342 -400.39377 -403.1241 -405.8545 -408.615 -411.36728 -414.0814 -416.7955 -419.5096 -422.24292 -425.04758 -427.85223 -430.65686 -433.46152 -436.26617 -439.07083 -441.8755 -444.68015 -447.4848 -449.80447 -451.94702 -454.08957 -456.23212 -458.37466 -460.58615 -462.9179 -465.24966 -467.5814 -469.91315 -472.2449 -474.57666 -476.90842 -479.24017 -481.41913 -483.5195 -485.61984 -487.72018
-287.19064 -290.4376 -293.68454 -296.9315 -300.1784 -303.42535 -306.6723 -309.91925 -312.90814 -315.7715 -318.63486 -321.49823 -324.3616 -327.22495 -330.08832 -332.9517 -335.81503 -338.6784 -341.54178 -344.40515 -347.25247 -350.09808 -352.94373 -355.77078 -358.59683 -361.42197 -364.1523 -366.88266 -369.613 -372.34335 -375.07373 -377.80408 -380.53442 -383.26477 -385.99512 -388.7255 -391.45584 -394.1862 -396.93652 -399.7024 -402.46826 -405.23413 -407.95175 -410.66586 -413.37997 -416.0941 -418.8082 -421.52228 -424.2364 -426.9505 -429.6646 -432.4389 -435.24356 -438.04822 -440.85287 -443.14536 -445.2879 -447.5383 -449.87006 -452.2018 -454.53357 -456.86533 -459.19708 -461.52884 -463.8606 -466.19235 -468.5241 -470.85587 -473.18762 -475.30145 -477.4018 -479.50217
-277.7064 -280.89453 -284.08267 -287.30753 -290.55447 -293.80142 -297.04837 -300.29532 -303.54224 -306.62552 -309.4889 -312.35226 -315.2156 -318.07898 -320.94235 -323.8057 -326.66907 -329.5318 -332.37744 -335.22305 -338.0687 -340.91434 -343.75995 -346.59103 -349.41708 -352.24313 -355.06918 -357.89523 -360.67508 -363.40543 -366.13577 -368.86612 -371.59647 -374.32684 -377.0572 -379.78754 -382.51788 -385.25806 -388.02393 -390.7898 -393.55566 -396.32156 -399.08743 -401.8221 -404.53622 -407.25034 -409.96445 -412.67856 -415.39267 -418.10675 -420.82086 -423.53497 -426.24908 -428.9632 -431.6773 -434.34647 -436.82224 -439.154 -441.48575 -443.8175 -446.14926 -448.48102 -450.81277 -453.14453 -455.4763 -457.80804 -460.1398 -462.47156 -464.8033 -467.0834 -469.18378 -471.28412
-268.30243 -271.49057 -274.6787 -277.86682 -281.05496 -284.2431 -287.43124 -290.67136 -293.9183 -297.16525 -300.34293 -303.20627 -306.06964 -308.933 -311.79636 -314.65677 -317.5024 -320.34805 -323.19366 -326.0393 -328.88495 -331.73056 -334.5762 -337.4113 -340.23734 -343.0634 -345.88943 -348.71548 -351.54153 -354.36755 -357.1936 -359.9282 -362.65854 -365.3889 -368.11923 -370.84958 -373.57996 -376.34546 -379.11133 -381.87723 -384.6431 -387.40897 -390.17484 -392.9407 -395.6925 -398.4066 -401.1207 -403.8348 -406.54892 -409.26303 -411.97714 -414.69122 -417.40533 -420.11945 -422.83356 -425.4265 -427.9348 -430.44315 -432.95145 -435.43317 -437.76492 -440.09668 -442.42844 -444.7602 -447.09195 -449.4237 -451.75546 -454.08722 -456.41898 -458.75073 -460.96573 -463.06607
-258.88626 -262.0866 -265.27475 -268.46286 -271.651 -274.83914 -278.02728 -281.2154 -284.40353 -287.59167 -290.78824 -294.0352 -296.92368 -299.78177 -302.62738 -305.47302 -308.31866 -311.16428 -314.00992 -316.85553 -319.70117 -322.5468 -325.39243 -328.23154 -331.0576 -333.88364 -336.7097 -339.53574 -342.3618 -345.18784 -348.01385 -350.8399 -353.66595 -356.45093 -359.1813 -361.91165 -364.667 -367.4329 -370.19876 -372.96463 -375.7305 -378.49637 -381.26224 -384.02814 -386.794 -389.55988 -392.27698 -394.99106 -397.70517 -400.41928 -403.1334 -405.8475 -408.5616 -411.27573 -413.9898 -416.50653 -419.01486 -421.52316 -424.0315 -426.5398 -429.04813 -431.55646 -434.04413 -436.3759 -438.70764 -441.0394 -443.37115 -445.7029 -448.03467 -450.36642 -452.69818 -454.84802
-249.30026 -252.67088 -255.87077 -259.0589 -262.24704 -265.43518 -268.6233 -271.81143 -274.99957 -278.1877 -281.37 -284.53116 -287.66888 -290.598 -293.44363 -296.28925 -299.1349 -301.98053 -304.82614 -307.67178 -310.5174 -313.36304 -316.20868 -319.0518 -321.87784 -324.7039 -327.52994 -330.356 -333.18204 -336.0081 -338.83414 -341.66016 -344.4862 -347.31226 -350.1383 -352.97885 -355.75443 -358.5203 -361.28616 -364.05203 -366.8179 -369.5838 -372.34967 -375.11554 -377.8814 -380.64728 -383.41315 -386.14734 -388.86145 -391.57556 -394.28964 -397.00375 -399.71786 -402.43198 -405.07825 -407.58655 -410.09488 -412.6032 -415.1115 -417.61984 -420.12814 -422.63647 -425.1448 -427.6531 -430.16144 -432.6551 -434.98682 -437.31857 -439.65033 -441.9821 -444.31384 -446.63
-239.71426 -243.08488 -246.45552 -249.65495 -252.84308 -256.03122 -259.21933 -262.38382 -265.54498 -268.70612 -271.86728 -275.0284 -278.18958 -281.20343 -284.14597 -287.08847 -289.9511 -292.79675 -295.6424 -298.488 -301.33365 -304.1793 -307.0249 -309.87054 -312.6981 -315.52414 -318.3502 -321.17624 -324.0023 -326.82834 -329.6544 -332.4804 -335.30646 -338.16962 -341.03842 -343.90726 -346.74356 -349.53983 -352.3361 -355.1324 -357.90533 -360.6712 -363.43707 -366.20294 -368.9688 -371.7347 -374.50058 -377.26645 -380.0177 -382.7318 -385.44592 -388.16003 -390.8741 -393.58823 -396.15826 -398.6666 -401.1749 -403.68323 -406.19156 -408.69986 -411.2082 -413.7165 -416.22482 -418.73315 -421.24146 -423.7498 -426.2581 -428.76642 -431.26602 -433.59778 -435.92953 -438.2613
-230.19606 -233.5506 -236.90515 -240.23337 -243.39766 -246.5588 -249.71996 -252.8811 -256.04227 -259.2034 -262.36456 -265.5257 -268.68686 -271.79547 -274.738 -277.6805 -280.62305 -283.56558 -286.45862 -289.30426 -292.14987 -294.9955 -297.84116 -300.68677 -303.51834 -306.3444 -309.17044 -311.9965 -314.82254 -317.6486 -320.47803 -323.34683 -326.21564 -329.08444 -331.95325 -334.82208 -337.6909 -340.50824 -343.3045 -346.1008 -348.89706 -351.69333 -354.4896 -357.2859 -360.05624 -362.8221 -365.58798 -368.35385 -371.11972 -373.88562 -376.60217 -379.31628 -382.0304 -384.72998 -387.23828 -389.7466 -392.25494 -394.76324 -397.27158 -399.7799 -402.2882 -404.79654 -407.30484 -409.81317 -412.3215 -414.8298 -417.33813 -419.84644 -422.35477 -424.8631 -427.3714 -429.87698
-220.77147 -224.126 -227.48056 -230.70029 -233.87206 -237.04384 -240.2156 -243.37839 -246.53954 -249.70068 -252.86183 -256.02298 -259.1841 -262.34528 -265.33005 -268.27258 -271.2151 -274.15762 -277.10013 -280.04266 -282.96613 -285.81177 -288.65738 -291.50302 -294.33862 -297.16464 -299.9907 -302.81674 -305.6552 -308.52402 -311.39285 -314.26166 -317.13046 -319.99927 -322.8681 -325.7369 -328.6057 -331.47452 -334.27292 -337.0692 -339.86548 -342.66174 -345.45804 -348.2543 -351.05057 -353.84683 -356.64313 -359.4394 -362.20715 -364.97302 -367.7389 -370.47253 -373.18665 -375.81 -378.31833 -380.82663 -383.33496 -385.8433 -388.3516 -390.85992 -393.36823 -395.87656 -398.3849 -400.8932 -403.40152 -405.90985 -408.41815 -410.92648 -413.43933 -415.9802 -418.52106 -421.06192
-211.34688 -214.70142 -217.99544 -221.16722 -224.33899 -227.51076 -230.68253 -233.85431 -237.02608 -240.19785 -243.3591 -246.52025 -249.6814 -252.84254 -255.92209 -258.86462 -261.80713 -264.74966 -267.69217 -270.6347 -273.57724 -276.51974 -279.46228 -282.31924 -285.15887 -287.9849 -290.83243 -293.70123 -296.57004 -299.43887 -302.30768 -305.17648 -308.0453 -310.91412 -313.78293 -316.65173 -319.52054 -322.38937 -325.24136 -328.03763 -330.8339 -333.63016 -336.42645 -339.22272 -342.01898 -344.81528 -347.61154 -350.4078 -353.20407 -356.00037 -358.79663 -361.5922 -364.3429 -366.89 -369.39835 -371.90668 -374.42923 -376.97006 -379.51093 -382.0518 -384.59265 -387.1335 -389.67438 -392.21524 -394.7561 -397.29697 -399.83783 -402.3787 -404.91956 -407.46042 -410.00128 -412.54214
-201.92229 -205.27682 -208.46237 -211.63414 -214.80591 -217.97769 -221.14946 -224.32123 -227.493 -230.66478 -233.83655 -237.00832 -240.17868 -243.33983 -246.50098 -249.45667 -252.39919 -255.3417 -258.28424 -261.22675 -264.16928 -267.1118 -270.05573 -273.00507 -275.95264 -278.86133 -281.74725 -284.61606 -287.4849 -290.3537 -293.2225 -296.0913 -298.96014 -301.82895 -304.69775 -307.56656 -310.4354 -313.3042 -316.173 -319.00604 -321.8023 -324.5986 -327.39487 -330.19113 -332.9874 -335.7837 -338.57996 -341.37622 -344.1725 -346.96878 -349.78473 -352.61066 -355.43658 -358.15234 -360.8277 -363.36856 -365.90942 -368.4503 -370.99115 -373.532 -376.07288 -378.61374 -381.1546 -383.69547 -386.23633 -388.77716 -391.31802 -393.8589 -396.39975 -398.9406 -401.48148 -404.02234
-192.4977 -195.75752 -198.92929 -202.10106 -205.27284 -208.44461 -211.61638 -214.78816 -217.95993 -221.1317 -224.30347 -227.47525 -230.64702 -233.82048 -236.99493 -240.05768 -243.00702 -245.95636 -248.90569 -251.85503 -254.80437 -257.7537 -260.70303 -263.65237 -266.6017 -269.52646 -272.43518 -275.34387 -278.2526 -281.16132 -284.07004 -286.97873 -289.87497 -292.74377 -295.61258 -298.4814 -301.35022 -304.21902 -307.08783 -309.95667 -312.77072 -315.56702 -318.36328 -321.15955 -323.9558 -326.7521 -329.56308 -332.389 -335.21494 -338.04086 -340.8668 -343.69272 -346.51865 -349.23834 -351.94095 -354.64355 -357.34616 -359.93048 -362.47134 -365.0122 -367.55307 -370.09393 -372.6348 -375.17566 -377.71652 -380.2574 -382.79825 -385.3391 -387.87997 -390.42084 -392.9617 -395.50256
-183.11649 -186.27278 -189.4272 -192.60165 -195.77611 -198.95056 -202.12502 -205.29947 -208.47392 -211.64838 -214.82283 -217.99728 -221.17174 -224.34618 -227.52063 -230.69508 -233.65482 -236.60374 -239.55301 -242.50235 -245.45169 -248.40102 -251.35036 -254.2997 -257.24902 -260.19156 -263.10028 -266.009 -268.91772 -271.82642 -274.73514 -277.64386 -280.55258 -283.46127 -286.37 -289.27872 -292.18744 -295.09613 -298.00266 -300.8715 -303.73914 -306.53543 -309.3414 -312.16733 -314.99326 -317.81918 -320.64514 -323.47107 -326.297 -329.12292 -331.94885 -334.77478 -337.6007 -340.32434 -343.02695 -345.72955 -348.43216 -351.13477 -353.83737 -356.49243 -359.0333 -361.57416 -364.115 -366.65585 -369.19672 -371.73758 -374.27844 -376.8193 -379.36017 -381.90103 -384.4419 -386.98276
-173.73029 -176.91022 -180.05289 -183.18945 -186.326 -189.47627 -192.65073 -195.82518 -198.99962 -202.17407 -205.34853 -208.52298 -211.69743 -214.87189 -218.04634 -221.2208 -224.30315 -227.25208 -230.201 -233.14992 -236.099 -239.04834 -241.99768 -244.947 -247.89635 -250.84569 -253.7654 -256.6741 -259.58282 -262.49155 -265.40027 -268.30896 -271.21768 -274.1264 -277.03513 -279.94382 -282.85254 -285.76126 -288.68277 -291.63583 -294.5889 -297.53586 -300.3976 -303.2494 -306.07532 -308.90125 -311.7272 -314.55313 -317.37906 -320.205 -323.0309 -325.85684 -328.68277 -331.4103 -334.1129 -336.81555 -339.51816 -342.22076 -344.92337 -347.62598 -350.32858 -353.03122 -355.5952 -358.13608 -360.67694 -363.2178 -365.75867 -368.29953 -370.8404 -373.38126 -375.9221 -378.44382
-164.34409 -167.52402 -170.69646 -173.83301 -176.96956 -180.10612 -183.24268 -186.37923 -189.52533 -192.69978 -195.87424 -199.04869 -202.22314 -205.3976 -208.57205 -211.7465 -214.92096 -217.9004 -220.84933 -223.79826 -226.74718 -229.6961 -232.64503 -235.59433 -238.54367 -241.49301 -244.43051 -247.33923 -250.24794 -253.15666 -256.06537 -258.9741 -261.8828 -264.7915 -267.7147 -270.66776 -273.62082 -276.57388 -279.52695 -282.48 -285.4397 -288.4114 -291.33963 -294.2014 -297.06314 -299.9249 -302.78665 -305.6352 -308.46112 -311.28705 -314.11298 -316.9389 -319.76483 -322.4963 -325.1989 -327.90152 -330.60413 -333.30673 -336.00937 -338.71198 -341.41458 -344.1172 -346.8198 -349.52243 -352.15714 -354.698 -357.23886 -359.77972 -362.3206 -364.86145 -367.4023 -369.846
