test/UKGEOS_Glasgow/EXPORTS/ASCII(5mCell)/Faults/Fault_Burnside_50m_GGERFS_Predrill(5m).asc
ncols 441
nrows 59
xllcenter 260566.11
yllcenter 660850.0
cellsize 5.0
nodata_value 10e32
[rows 0 to 28 of 59, columns 65 to 129 of 441]
-244.17534 -247.1591 -250.14285 -253.05959 -255.78755 -258.51553 -261.24353 -263.88354 -266.40683 10e32 10e32 10e32 10e32 10e32 10e32 10e32 10e32 10e32 10e32 10e32 10e32 10e32 10e32 10e32 10e32 10e32 10e32 10e32 10e32 10e32 10e32 10e32 10e32 10e32 10e32 10e32 10e32 10e32 10e32 10e32 10e32 10e32 10e32 10e32 10e32 10e32 10e32 10e32 10e32 10e32 10e32 10e32 10e32 10e32 10e32 10e32 10e32 10e32 10e32 10e32 10e32 10e32 10e32 10e32 10e32
-240.40411 -243.39888 -246.38264 -249.3664 -252.135 -254.86298 -257.59094 -260.20993 -262.73322 -265.25647 -267.77975 -270.303 -272.8263 -275.36203 -277.84756 10e32 10e32 10e32 10e32 10e32 10e32 10e32 10e32 10e32 10e32 10e32 10e32 10e32 10e32 10e32 10e32 10e32 10e32 10e32 10e32 10e32 10e32 10e32 10e32 10e32 10e32 10e32 10e32 10e32 10e32 10e32 10e32 10e32 10e32 10e32 10e32 10e32 10e32 10e32 10e32 10e32 10e32 10e32 10e32 10e32 10e32 10e32 10e32 10e32 10e32
-236.40253 -239.63867 -242.62244 -245.60619 -248.48244 -251.21042 -253.93839 -256.53632 -259.0596 -261.58286 -264.10614 -266.62943 -269.1735 -271.77237 -274.32794 -276.77832 -279.2287 -281.67908 -284.12943 -286.5798 -289.03296 -291.35596 10e32 10e32 10e32 10e32 10e32 10e32 10e32 10e32 10e32 10e32 10e32 10e32 10e32 10e32 10e32 10e32 10e32 10e32 10e32 10e32 10e32 10e32 10e32 10e32 10e32 10e32 10e32 10e32 10e32 10e32 10e32 10e32 10e32 10e32 10e32 10e32 10e32 10e32 10e32 10e32 10e32 10e32 10e32
-232.40094 -235.64871 -238.86221 -241.84598 -244.82973 -247.55785 -250.28583 -252.8627 -255.38599 -257.90924 -260.43253 -262.985 -265.58386 -268.1827 -270.7816 -273.2587 -275.70908 -278.15945 -280.60983 -283.0602 -285.54678 -288.04285 -290.36584 -292.68884 -295.0118 -297.3348 -299.6578 -301.9808 -304.3038 10e32 10e32 10e32 10e32 10e32 10e32 10e32 10e32 10e32 10e32 10e32 10e32 10e32 10e32 10e32 10e32 10e32 10e32 10e32 10e32 10e32 10e32 10e32 10e32 10e32 10e32 10e32 10e32 10e32 10e32 10e32 10e32 10e32 10e32 10e32 10e32
-228.39934 -231.64713 -234.8949 -238.08575 -241.06952 -243.90529 -246.63327 -249.1891 -251.71237 -254.23564 -256.79648 -259.39532 -261.9942 -264.59308 -267.19193 -269.73907 -272.18945 -274.63983 -277.0902 -279.5406 -282.02603 -284.5802 -287.0527 -289.3757 -291.6987 -294.0217 -296.3447 -298.6677 -300.9907 -303.3137 -305.6367 -307.9597 -310.28268 -312.53244 -314.6694 -316.80637 10e32 10e32 10e32 10e32 10e32 10e32 10e32 10e32 10e32 10e32 10e32 10e32 10e32 10e32 10e32 10e32 10e32 10e32 10e32 10e32 10e32 10e32 10e32 10e32 10e32 10e32 10e32 10e32 10e32
-224.39775 -227.64552 -230.8933 -234.14108 -237.3093 -240.25272 -242.9807 -245.51549 -248.03876 -250.60796 -253.20682 -255.8057 -258.40457 -261.00342 -263.6023 -266.20117 -268.66983 -271.1202 -273.5706 -276.02097 -278.50525 -281.05942 -283.61362 -286.0626 -288.3856 -290.7086 -293.0316 -295.35458 -297.67755 -300.00055 -302.32355 -304.64655 -306.94696 -309.14502 -311.29736 -313.43433 -315.5713 -317.70825 -319.8452 -321.98218 -324.11914 10e32 10e32 10e32 10e32 10e32 10e32 10e32 10e32 10e32 10e32 10e32 10e32 10e32 10e32 10e32 10e32 10e32 10e32 10e32 10e32 10e32 10e32 10e32 10e32
-220.39616 -223.64394 -226.89171 -230.13948 -233.38727 -236.53284 -239.3186 -241.84187 -244.41943 -247.01831 -249.61717 -252.21603 -254.81491 -257.4138 -260.01263 -262.6115 -265.1502 -267.6006 -270.05096 -272.50134 -274.9845 -277.53867 -280.09283 -282.647 -285.07245 -287.39545 -289.71844 -292.04144 -294.36444 -296.68744 -299.01044 -301.33344 -303.55286 -305.7509 -307.9253 -310.0623 -312.19925 -314.3362 -316.47318 -318.61014 -320.7471 -322.88406 -325.04996 -327.119 -329.16235 -331.2057 -333.24902 10e32 10e32 10e32 10e32 10e32 10e32 10e32 10e32 10e32 10e32 10e32 10e32 10e32 10e32 10e32 10e32 10e32 10e32
-216.39456 -219.64235 -222.89012 -226.1379 -229.38567 -232.63344 -235.64499 -238.23093 -240.82979 -243.42867 -246.02753 -248.62639 -251.22527 -253.82413 -256.423 -259.02185 -261.62073 -264.08096 -266.53134 -268.98172 -271.46375 -274.0179 -276.57208 -279.12625 -281.68042 -284.08234 -286.40533 -288.72833 -291.05133 -293.37433 -295.69733 -297.96066 -300.15872 -302.35678 -304.55325 -306.69022 -308.82718 -310.96414 -313.1011 -315.23807 -317.37503 -319.51398 -321.69165 -323.85086 -325.8942 -327.93753 -329.9809 -332.02423 -334.06757 -336.11093 -338.15427 -339.97177 10e32 10e32 10e32 10e32 10e32 10e32 10e32 10e32 10e32 10e32 10e32 10e32 10e32
-212.38727 -215.61333 -218.83937 -222.06541 -225.29146 -228.51752 -231.69308 -234.61615 -237.24014 -239.839 -242.43788 -245.03674 -247.6356 -250.23448 -252.83334 -255.4322 -258.03107 -260.56134 -263.01172 -265.4621 -267.94296 -270.49713 -273.0513 -275.60547 -278.15964 -280.7138 -283.0922 -285.4152 -287.7382 -290.0612 -292.3685 -294.56656 -296.7646 -298.96265 -301.1607 -303.31818 -305.45514 -307.5921 -309.72906 -311.86603 -314.003 -316.15567 -318.33334 -320.511 -322.62604 -324.66937 -326.71274 -328.75607 -330.7994 -332.84277 -334.8861 -336.70453 -338.31256 -339.92056 -341.52856 -343.1366 -344.7446 10e32 10e32 10e32 10e32 10e32 10e32 10e32 10e32
-208.19197 -211.41803 -214.64407 -217.87012 -221.09616 -224.3222 -227.50468 -230.42775 -233.35081 -236.24936 -238.84822 -241.4471 -244.04596 -246.64484 -249.2437 -251.84256 -254.44144 -257.04028 -259.49213 -261.94247 -264.4222 -266.97638 -269.53055 -272.08472 -274.6389 -277.19305 -279.74722 -282.10208 -284.42508 -286.74808 -288.97437 -291.17242 -293.37048 -295.56854 -297.76657 -299.94614 -302.0831 -304.22006 -306.35703 -308.494 -310.63095 -312.79736 -314.97504 -317.15268 -319.33032 -321.40125 -323.44458 -325.4879 -327.53128 -329.57462 -331.61795 -333.43732 -335.04532 -336.65335 -338.26135 -339.86935 -341.4774 -343.0854 -344.69342 -346.30142 -347.90942 -349.51746 10e32 10e32 10e32
-203.99667 -207.22273 -210.44878 -213.67482 -216.90086 -220.1269 -223.31627 -226.23933 -229.1624 -232.08546 -235.00853 -237.85745 -240.45631 -243.05518 -245.65405 -248.25291 -250.85178 -253.45065 -255.97249 -258.42288 -260.90143 -263.4556 -266.00977 -268.56393 -271.1181 -273.67227 -276.22644 -278.78064 -281.11197 -283.3822 -285.58026 -287.7783 -289.97635 -292.1744 -294.37247 -296.5705 -298.71106 -300.84802 -302.985 -305.12195 -307.2614 -309.43906 -311.61673 -313.79437 -315.97202 -318.1331 -320.17642 -322.2198 -324.26312 -326.30646 -328.34982 -330.1701 -331.7781 -333.3861 -334.99414 -336.60214 -338.21017 -339.81818 -341.42618 -343.0342 -344.6422 -346.2502 -347.85825 -349.46625 -351.07425
-199.78746 -203.02742 -206.25348 -209.47952 -212.70557 -215.93161 -219.12787 -222.05093 -224.974 -227.89706 -230.82013 -233.7432 -236.66626 -239.46553 -242.06439 -244.66327 -247.26213 -249.861 -252.45288 -254.90326 -257.38068 -259.93484 -262.489 -265.04318 -267.59735 -270.15152 -272.7057 -275.25986 -277.79 -279.98807 -282.18613 -284.3842 -286.58224 -288.78027 -290.97833 -293.1764 -295.33902 -297.47598 -299.61295 -301.7499 -303.9031 -306.08075 -308.2584 -310.43607 -312.6137 -314.79135 -316.90826 -318.95163 -320.99496 -323.0383 -325.08167 -326.90286 -328.5109 -330.1189 -331.72693 -333.33493 -334.94293 -336.55096 -338.15897 -339.76697 -341.375 -342.983 -344.591 -346.271 -348.00018
-195.5046 -198.78981 -202.05818 -205.28423 -208.51027 -211.73631 -214.93947 -217.86253 -220.7856 -223.70866 -226.63173 -229.5548 -232.47786 -235.40092 -238.32399 -241.07362 -243.67249 -246.27135 -248.87022 -251.38364 -253.85991 -256.41406 -258.96823 -261.5224 -264.07657 -266.63077 -269.16736 -271.62076 -274.07416 -276.4843 -278.792 -280.99005 -283.1881 -285.38617 -287.5842 -289.78226 -291.96695 -294.1039 -296.24088 -298.37784 -300.5448 -302.72244 -304.9001 -307.07776 -309.2554 -311.43304 -313.61072 -315.68347 -317.7268 -319.77017 -321.8135 -323.63565 -325.24365 -326.85168 -328.4597 -330.06772 -331.67572 -333.28372 -334.89175 -336.49976 -338.10776 -339.74066 -341.46985 -343.199 -344.9282
-191.22171 -194.50693 -197.79214 -201.07736 -204.31497 -207.54102 -210.75107 -213.67413 -216.5972 -219.52026 -222.44333 -225.3664 -228.28946 -231.21252 -234.13559 -237.05865 -239.98172 -242.6817 -245.28056 -247.86401 -250.33914 -252.89331 -255.44748 -258.00165 -260.5283 -262.98166 -265.43506 -267.88843 -270.34183 -272.76825 -275.16592 -277.56363 -279.79398 -281.99203 -284.1901 -286.38815 -288.58618 -290.73187 -292.86884 -295.00882 -297.1865 -299.36414 -301.54178 -303.71945 -305.8971 -308.07474 -310.2524 -312.4153 -314.45868 -316.502 -318.54535 -320.36844 -321.97644 -323.58447 -325.19247 -326.80048 -328.4085 -330.0165 -331.6245 -333.23254 -334.93948 -336.66867 -338.39783 -340.127 -341.8562
-186.93883 -190.22404 -193.50926 -196.79448 -200.0797 -203.34572 -206.56265 -209.48572 -212.40878 -215.33185 -218.25491 -221.178 -224.10106 -227.02412 -229.94719 -232.87025 -235.79332 -238.71638 -241.63945 -244.2898 -246.81837 -249.37254 -251.88919 -254.34258 -256.79596 -259.24936 -261.70273 -264.15613 -266.6095 -269.05215 -271.44986 -273.84756 -276.24527 -278.5979 -280.79596 -282.99402 -285.19208 -287.35983 -289.4968 -291.6505 -293.8282 -296.00583 -298.18347 -300.36115 -302.5388 -304.71643 -306.8941 -309.07175 -311.19052 -313.23386 -315.2772 -317.10123 -318.70923 -320.31723 -321.92526 -323.53326 -325.14127 -326.7493 -328.40915 -330.1383 -331.8675 -333.59668 -335.32584 -337.05502 -338.7749
-182.63977 -185.92699 -189.21422 -192.50145 -195.78868 -199.07591 -202.35866 -205.31174 -208.23488 -211.15804 -214.08118 -217.00433 -219.92747 -222.85063 -225.77377 -228.69693 -231.62007 -234.54323 -237.46637 -240.38953 -243.25009 -245.70348 -248.15686 -250.61026 -253.06364 -255.51703 -257.97043 -260.4238 -262.8772 -265.33057 -267.7338 -270.13147 -272.52917 -274.92688 -277.3246 -279.59988 -281.79794 -283.9878 -286.12476 -288.2922 -290.46988 -292.64752 -294.82516 -297.00284 -299.18048 -301.35812 -303.5358 -305.71344 -307.89108 -309.9657 -312.00906 -313.83398 -315.44202 -317.05002 -318.65802 -320.26605 -321.87878 -323.60797 -325.33716 -327.0663 -328.7955 -330.52466 -332.25385 -333.98303 -335.68637
-178.31993 -181.60716 -184.8944 -188.18163 -191.46884 -194.75607 -198.00766 -201.19432 -204.17453 -207.09767 -210.02083 -212.94397 -215.86713 -218.79027 -221.71342 -224.63657 -227.55972 -230.48286 -233.40602 -236.32916 -239.22061 -241.97116 -244.42455 -246.87793 -249.33131 -251.78471 -254.2381 -256.69147 -259.14487 -261.59827 -264.0177 -266.4154 -268.8131 -271.21082 -273.6085 -276.0062 -278.40384 -280.60187 -282.75626 -284.9339 -287.11157 -289.2892 -291.46686 -293.64453 -295.82217 -297.99982 -300.1775 -302.35513 -304.53278 -306.69754 -308.7409 -310.56677 -312.17477 -313.7828 -315.3908 -317.07764 -318.8068 -320.53598 -322.26514 -323.99432 -325.7235 -327.45267 -329.18185 -330.911 -332.5978
-174.0001 -177.28732 -180.57455 -183.86179 -187.14902 -190.43625 -193.65666 -196.84332 -200.03 -203.03732 -205.96046 -208.88362 -211.80676 -214.72992 -217.65306 -220.57622 -223.49936 -226.42252 -229.34566 -232.26881 -235.16489 -237.91846 -240.67204 -243.14561 -245.599 -248.05238 -250.50578 -252.95917 -255.41255 -257.86594 -260.30164 -262.69934 -265.09702 -267.49472 -269.89243 -272.29013 -274.6878 -277.0855 -279.39795 -281.5756 -283.75327 -285.9309 -288.10855 -290.28622 -292.46387 -294.6415 -296.81918 -298.99683 -301.17447 -303.35214 -305.47275 -307.29956 -308.90756 -310.54727 -312.27646 -314.0056 -315.7348 -317.464 -319.19315 -320.92233 -322.6515 -324.38068 -326.10986 -327.83902 -329.50928
-169.68027 -172.9675 -176.25473 -179.54196 -182.82918 -186.11641 -189.30566 -192.49232 -195.679 -198.86566 -201.90012 -204.82326 -207.74641 -210.66956 -213.59271 -216.51585 -219.43901 -222.36215 -225.28531 -228.20845 -231.10916 -233.86275 -236.61632 -239.36989 -241.86668 -244.32007 -246.77345 -249.22684 -251.68024 -254.13362 -256.58554 -258.98325 -261.38095 -263.77866 -266.17633 -268.57404 -270.97174 -273.36945 -275.78412 -278.0444 -280.2438 -282.44318 -284.64255 -286.84192 -289.04132 -291.2407 -293.44006 -295.63852 -297.81616 -299.99384 -302.17148 -304.03232 -305.7461 -307.47528 -309.20447 -310.93362 -312.6628 -314.39197 -316.12115 -317.85034 -319.5795 -321.3087 -323.03784 -324.76703 -326.42072
-165.36044 -168.64766 -171.93489 -175.22212 -178.50935 -181.76799 -184.95467 -188.14133 -191.328 -194.51466 -197.70134 -200.76291 -203.68605 -206.6092 -209.53235 -212.4555 -215.37865 -218.3018 -221.22495 -224.1481 -227.05344 -229.80702 -232.5606 -235.31418 -238.06775 -240.58775 -243.04114 -245.49452 -247.9479 -250.40129 -252.85469 -255.26717 -257.6649 -260.06256 -262.46027 -264.85797 -267.25568 -269.6618 -272.07736 -274.48624 -276.6856 -278.88498 -281.08435 -283.28375 -285.48312 -287.6825 -289.8819 -292.08127 -294.28064 -296.48 -298.6794 -300.7939 -302.6741 -304.4033 -306.13245 -307.86163 -309.59082 -311.31998 -313.04916 -314.77832 -316.5075 -318.2367 -319.96585 -321.69504 -323.33218
-161.0406 -164.32784 -167.61507 -170.9023 -174.18951 -177.41699 -180.60365 -183.79033 -186.977 -190.16367 -193.35034 -196.537 -199.6257 -202.54884 -205.472 -208.39514 -211.3183 -214.24144 -217.1646 -220.08774 -222.99773 -225.7513 -228.50487 -231.25845 -234.01202 -236.76561 -239.30882 -241.7622 -244.21559 -246.66898 -249.12236 -251.5511 -253.94879 -256.3465 -258.7442 -261.14188 -263.53958 -265.95505 -268.3706 -270.78616 -273.1274 -275.32678 -277.52618 -279.72556 -281.92493 -284.12433 -286.3237 -288.52307 -290.72244 -292.92184 -295.1087 -297.2202 -299.26227 -301.28384 -303.06046 -304.78964 -306.5188 -308.248 -309.97717 -311.70633 -313.43552 -315.16467 -316.89386 -318.62305 -320.24362
-156.72078 -160.008 -163.29523 -166.58246 -169.86969 -173.066 -176.25266 -179.43933 -182.62599 -185.81267 -188.99933 -192.186 -195.37268 -198.4885 -201.41164 -204.3348 -207.25793 -210.18109 -213.10423 -216.02739 -218.942 -221.69557 -224.44916 -227.20273 -229.9563 -232.70988 -235.46346 -238.02989 -240.48328 -242.93666 -245.39005 -247.83502 -250.23271 -252.63042 -255.0281 -257.4258 -259.83276 -262.2483 -264.66385 -267.0794 -269.49496 -271.76862 -273.968 -276.16736 -278.36676 -280.56613 -282.7655 -284.96487 -287.16428 -289.36365 -291.51526 -293.62677 -295.709 -297.7306 -299.75217 -301.71765 -303.4468 -305.176 -306.90515 -308.63434 -310.36353 -312.09268 -313.82187 -315.5452 -317.15506
-152.40094 -155.68817 -158.9754 -162.26263 -165.52832 -168.715 -171.90166 -175.08833 -178.275 -181.46167 -184.64833 -187.835 -191.02167 -194.20834 -197.35129 -200.27443 -203.19759 -206.12073 -209.04388 -211.96703 -214.88628 -217.63985 -220.39343 -223.147 -225.90059 -228.65416 -231.40773 -234.16132 -236.75096 -239.20435 -241.65773 -244.11111 -246.51665 -248.91434 -251.31204 -253.71045 -256.126 -258.54153 -260.9571 -263.37265 -265.7882 -268.20374 -270.4098 -272.6092 -274.80856 -277.00793 -279.2073 -281.4067 -283.60608 -285.80545 -287.9218 -290.03333 -292.14484 -294.17737 -296.19894 -298.22052 -300.2421 -302.104 -303.83316 -305.56235 -307.2915 -309.0207 -310.74988 -312.45667 -314.06653
-148.08112 -151.36833 -154.65556 -157.9428 -161.17732 -164.364 -167.55066 -170.73734 -173.924 -177.11067 -180.29733 -183.48401 -186.67067 -189.85735 -193.044 -196.21408 -199.13722 -202.06038 -204.98352 -207.90668 -210.82983 -213.58414 -216.3377 -219.09128 -221.84486 -224.59843 -227.35202 -230.10559 -232.85916 -235.47202 -237.92542 -240.3788 -242.80057 -245.19826 -247.59596 -250.0037 -252.41925 -254.8348 -257.25034 -259.6659 -262.08145 -264.497 -266.85162 -269.051 -271.25037 -273.44974 -275.64914 -277.8485 -280.04788 -282.21683 -284.32837 -286.43988 -288.5514 -290.62415 -292.64572 -294.6673 -296.68887 -298.71045 -300.732 -302.49036 -304.2195 -305.9487 -307.67786 -309.3681 -310.97797
-143.75658 -147.04851 -150.33574 -153.62297 -156.82632 -160.013 -163.19966 -166.38634 -169.573 -172.75967 -175.94633 -179.13301 -182.31967 -185.50635 -188.69301 -191.87968 -195.06635 -198.00002 -200.92317 -203.84633 -206.76947 -209.52841 -212.28198 -215.03557 -217.78914 -220.54271 -223.2963 -226.04987 -228.80345 -231.55702 -234.19308 -236.64647 -239.08449 -241.48218 -243.8814 -246.29694 -248.7125 -251.12804 -253.5436 -255.95914 -258.3747 -260.79025 -263.20578 -265.4928 -267.69217 -269.89157 -272.09094 -274.2903 -276.48972 -278.62338 -280.73492 -282.84644 -284.95795 -287.06946 -289.09247 -291.11404 -293.13562 -295.1572 -297.17877 -299.20035 -301.14752 -302.8767 -304.60587 -306.27957 -307.88943
-139.40573 -142.72594 -146.0159 -149.28865 -152.47533 -155.662 -158.84866 -162.03534 -165.222 -168.40868 -171.59534 -174.78201 -177.96867 -181.15535 -184.34201 -187.52869 -190.71535 -193.90202 -196.86282 -199.78596 -202.70912 -205.47269 -208.22626 -210.97984 -213.73341 -216.487 -219.24057 -221.99414 -224.74773 -227.5013 -230.25488 -232.91415 -235.36754 -237.76611 -240.17464 -242.5902 -245.00574 -247.4213 -249.83684 -252.2524 -254.66794 -257.0835 -259.49902 -261.91458 -264.134 -266.33337 -268.53275 -270.73215 -272.91843 -275.02994 -277.14145 -279.253 -281.3645 -283.476 -285.53925 -287.56082 -289.5824 -291.60397 -293.62555 -295.64713 -297.6687 -299.69028 -301.53387 -303.191 -304.80087
-135.05489 -138.37509 -141.69531 -144.93765 -148.12433 -151.31099 -154.49767 -157.68433 -160.871 -164.05768 -167.24434 -170.43102 -173.61768 -176.80435 -179.99101 -183.17769 -186.36435 -189.55103 -192.73769 -195.72562 -198.64876 -201.41696 -204.17055 -206.92412 -209.67769 -212.43127 -215.18484 -217.93843 -220.692 -223.44557 -226.19916 -228.95273 -231.63522 -234.05234 -236.46788 -238.88344 -241.29898 -243.71454 -246.13008 -248.54564 -250.96118 -253.37674 -255.79228 -258.20782 -260.5758 -262.77518 -264.97458 -267.17395 -269.32498 -271.4365 -273.548 -275.65952 -277.77106 -279.88257 -281.98602 -284.0076 -286.02917 -288.05075 -290.07233 -292.0939 -294.11548 -296.13702 -298.15604 -299.94107 -301.51996
-130.60818 -133.92635 -137.24449 -140.56595 -143.8022 -146.98434 -150.16649 -153.34865 -156.53079 -159.71294 -162.8951 -166.08002 -169.26668 -172.45335 -175.64001 -178.82669 -182.01335 -185.20003 -188.38669 -191.57336 -194.58841 -197.36125 -200.11482 -202.8684 -205.62198 -208.37555 -211.12912 -213.8827 -216.63628 -219.39107 -222.14995 -224.90883 -227.66771 -230.31749 -232.75931 -235.17668 -237.59224 -240.00778 -242.42332 -244.83888 -247.25443 -249.66998 -252.08553 -254.50108 -256.91663 -259.217 -261.41638 -263.61575 -265.73154 -267.84305 -269.95456 -272.06607 -274.17758 -276.28912 -278.40063 -280.45438 -282.47592 -284.4975 -286.51907 -288.54065 -290.56223 -292.5838 -294.4896 -296.3637 -298.11038
-126.083984 -129.40215 -132.72029 -136.04156 -139.36554 -142.69133 -145.87744 -149.05959 -152.24173 -155.42389 -158.60603 -161.78818 -164.97034 -168.15248 -171.33463 -174.51678 -177.69893 -180.88107 -184.06323 -187.24538 -190.42752 -193.32874 -196.08762 -198.8465 -201.60538 -204.36426 -207.12314 -209.88202 -212.6409 -215.39978 -218.15866 -220.91754 -223.67642 -226.39032 -228.91933 -231.36115 -233.80295 -236.24477 -238.68658 -241.1284 -243.54768 -245.96323 -248.37878 -250.79433 -253.20987 -255.62543 -257.8582 -260.02655 -262.13806 -264.2496 -266.3611 -268.47263 -270.58414 -272.69565 -274.8072 -276.90112 -278.9227 -280.94427 -282.96585 -284.98743 -287.009 -288.949 -290.82312 -292.69727 -294.57138
