test/UKGEOS_Glasgow/EXPORTS/ASCII(5mCell)/Faults/Fault_f36_50m_GGERFS_Predrill(5m).asc
ncols 206
nrows 77
xllcenter 260000.0
yllcenter 661673.56
cellsize 5.0
nodata_value 10e32
[rows 27 to 53 of 77, columns 61 to 121 of 206]
-186.23866 -185.91736 -185.59607 -185.27477 -184.93729 -184.57468 -184.21207 -183.84946 -183.48683 -183.12422 -182.76161 -182.399 -182.07005 -181.85506 -181.64005 -181.42505 -181.21004 -180.99504 -180.78003 -180.56503 -180.38646 -180.2904 -180.19434 -180.09827 -180.00221 -179.90614 -179.81007 -179.714 -179.61795 -179.52188 -179.42581 -179.03755 -178.6121 -178.18666 -178.02211 -177.8684 -177.71466 -177.56094 -177.40721 -177.23174 -177.04848 -176.86522 -176.68195 -176.49869 -176.31541 -176.19016 -176.1626 -176.13506 -176.10751 -176.08255 -176.08434 -176.08612 -176.08792 -176.0897 -176.09149 -176.09328 -176.09506 -176.09685 -176.09244 -175.93987 -175.78728
-190.90709 -190.54448 -190.18187 -189.81926 -189.45663 -189.09402 -188.73141 -188.3688 -188.00618 -187.64357 -187.28096 -186.91835 -186.6385 -186.4235 -186.2085 -185.99348 -185.77849 -185.56348 -185.34848 -185.16902 -185.33435 -185.27805 -185.21922 -185.16042 -185.1016 -185.04277 -184.96764 -184.87157 -184.7755 -184.67944 -184.58337 -184.4873 -184.32552 -183.90007 -183.63896 -183.48523 -183.33151 -183.15538 -182.97212 -182.78885 -182.60559 -182.42232 -182.23906 -182.05579 -181.87253 -181.78795 -181.7604 -181.73285 -181.7053 -181.67776 -181.65503 -181.65681 -181.6586 -181.66039 -181.66217 -181.66396 -181.66576 -181.66754 -181.56302 -181.41045 -181.25787
-195.42644 -195.06383 -194.70122 -194.33861 -193.97598 -193.61337 -193.25076 -192.88815 -192.52553 -192.16292 -191.80031 -191.4377 -191.20694 -190.99193 -190.77693 -190.56192 -190.34692 -190.13191 -189.95508 -189.79106 -189.98563 -190.1786 -190.1198 -190.06097 -190.00215 -189.94334 -189.88452 -189.82571 -189.76689 -189.70808 -189.64926 -189.59044 -189.53163 -189.45273 -189.25581 -189.07901 -188.89575 -188.7125 -188.52922 -188.34596 -188.16269 -187.97943 -187.79616 -187.6129 -187.42964 -187.38574 -187.3582 -187.33066 -187.3031 -187.27556 -187.24802 -187.22751 -187.2293 -187.23108 -187.23286 -187.23465 -187.23643 -187.18619 -187.03362 -186.88104 -186.72847
-199.94579 -199.58318 -199.22057 -198.85796 -198.49533 -198.13272 -197.77011 -197.4075 -197.04488 -196.68227 -196.31966 -195.99039 -195.77538 -195.56038 -195.34537 -195.13037 -194.91536 -194.74115 -194.57712 -194.41309 -194.6369 -194.88336 -195.02036 -194.96153 -194.90273 -194.8439 -194.7851 -194.72627 -194.66747 -194.60864 -194.54982 -194.49101 -194.43219 -194.37338 -194.45686 -194.63612 -194.45287 -194.26959 -194.08633 -193.90306 -193.7198 -193.53654 -193.35327 -193.17001 -193.0111 -192.98355 -192.95601 -192.92845 -192.90091 -192.87335 -192.84581 -192.81827 -192.79997 -192.80176 -192.80354 -192.80534 -192.80713 -192.65678 -192.50421 -192.35164 -192.19907
-204.46513 -204.10252 -203.73991 -203.3773 -203.01468 -202.65207 -202.28946 -201.92685 -201.56422 -201.20161 -200.839 -200.55882 -200.34381 -200.12881 -199.9138 -199.6988 -199.52722 -199.36319 -199.19916 -199.0417 -199.28816 -199.53464 -199.7811 -199.8621 -199.80328 -199.74448 -199.68565 -199.62685 -199.56802 -199.5092 -199.4504 -199.39157 -199.33276 -199.27968 -199.47734 -199.67502 -199.87268 -199.8267 -199.64343 -199.46017 -199.27692 -199.09364 -198.91039 -198.72711 -198.6089 -198.58134 -198.5538 -198.52626 -198.4987 -198.47116 -198.4436 -198.41606 -198.38852 -198.37245 -198.37424 -198.37602 -198.27995 -198.12738 -197.97481 -197.82222 -197.66965
-208.80238 -208.61018 -208.25926 -207.89665 -207.53403 -207.17142 -206.8088 -206.4462 -206.08357 -205.72096 -205.35835 -205.12726 -204.91226 -204.69725 -204.48225 -204.3133 -204.14926 -203.98523 -203.8212 -203.69298 -203.93944 -204.1859 -204.43237 -204.67883 -204.70386 -204.64503 -204.58623 -204.5274 -204.4686 -204.40977 -204.35095 -204.29214 -204.23332 -204.30016 -204.49782 -204.6955 -204.89316 -205.09084 -205.20055 -205.01729 -204.83401 -204.65076 -204.46748 -204.28423 -204.2067 -204.17915 -204.1516 -204.12405 -204.09651 -204.06895 -204.04141 -204.01387 -203.98631 -203.95877 -203.94493 -203.90312 -203.75055 -203.59796 -203.44539 -203.29282 -203.14024
-213.10065 -212.90843 -212.71623 -212.416 -212.05338 -211.69077 -211.32816 -210.96555 -210.60292 -210.24031 -209.9107 -209.6957 -209.4807 -209.26569 -209.09937 -208.93533 -208.7713 -208.60727 -208.44324 -208.34424 -208.59071 -208.83717 -209.08363 -209.33011 -209.57657 -209.54561 -209.48679 -209.42798 -209.36916 -209.31033 -209.25153 -209.1927 -209.1339 -209.32063 -209.51831 -209.71597 -209.91365 -210.11131 -210.30899 -210.50665 -210.39113 -210.20786 -210.0246 -209.84134 -209.80449 -209.77695 -209.7494 -209.72185 -209.6943 -209.66676 -209.6392 -209.61166 -209.58412 -209.55656 -209.3104 -209.1099 -208.86293 -208.61595 -208.36897 -208.12201 -207.87503
-217.3989 -217.2067 -217.0145 -216.8223 -216.57272 -216.21011 -215.8475 -215.4849 -215.12227 -214.75966 -214.47914 -214.26414 -214.04947 -213.88544 -213.7214 -213.55737 -213.39334 -213.22931 -213.06528 -212.99551 -213.24197 -213.48845 -213.73491 -213.98137 -214.22784 -214.44617 -214.38736 -214.32854 -214.26971 -214.2109 -214.15208 -214.09328 -214.14345 -214.34111 -214.53879 -214.73645 -214.93413 -215.13179 -215.32947 -215.52713 -215.72481 -215.76497 -215.58171 -215.42984 -215.4023 -215.37474 -215.3472 -215.31966 -215.2921 -215.14775 -214.87752 -214.60728 -214.33705 -214.06682 -213.86748 -213.73782 -213.55908 -213.31212 -213.06514 -212.81816 -212.5712
-221.69716 -221.50496 -221.31276 -221.12056 -220.92834 -220.72946 -220.36685 -220.00424 -219.64162 -219.279 -219.04758 -218.83554 -218.67151 -218.50748 -218.34344 -218.17941 -218.01538 -217.85135 -217.68732 -217.64679 -217.89325 -218.13971 -218.38618 -218.63264 -218.8791 -219.12558 -219.28792 -219.22911 -219.17029 -219.11147 -219.05266 -218.99384 -219.16393 -219.3616 -219.55927 -219.75694 -219.9546 -220.15227 -220.34995 -220.5476 -220.74529 -220.94295 -221.13881 -221.02763 -220.9851 -220.71487 -220.44463 -220.1744 -219.90416 -219.63393 -219.3637 -219.09346 -218.82323 -218.56601 -218.43636 -218.3067 -218.17705 -218.00827 -217.7613 -217.51433 -217.26735
-225.99542 -225.80322 -225.61101 -225.41881 -225.22661 -225.03441 -224.84221 -224.52359 -224.16096 -223.83102 -223.6216 -223.45758 -223.29355 -223.12952 -222.96548 -222.80145 -222.63742 -222.47339 -222.30936 -222.29805 -222.54453 -222.79099 -223.03745 -223.28392 -223.53038 -223.77686 -224.02332 -224.12967 -224.07085 -224.01204 -223.95322 -223.98674 -224.1844 -224.38208 -224.57974 -224.77742 -224.97508 -225.17276 -225.37042 -225.5681 -225.76576 -225.78636 -225.7809 -225.74152 -225.47128 -225.20103 -224.9308 -224.66057 -224.39034 -224.1201 -223.84987 -223.57964 -223.3094 -223.13489 -223.00523 -222.87558 -222.74593 -222.61627 -222.45746 -222.2105 -221.96352
-230.29369 -230.10147 -229.90927 -229.71707 -229.52487 -229.33267 -229.14047 -228.94826 -228.68031 -228.40767 -228.24364 -228.0796 -227.91557 -227.75154 -227.58751 -227.4235 -227.25946 -227.09543 -226.9314 -226.94933 -227.19579 -227.44226 -227.68872 -227.93518 -228.18166 -228.42812 -228.67459 -228.92105 -228.97142 -228.9126 -228.85379 -229.00722 -229.2049 -229.40256 -229.60023 -229.7979 -229.99556 -230.1299 -230.12445 -230.11899 -230.11354 -230.1081 -230.10263 -230.09718 -229.95746 -229.68721 -229.41698 -229.14674 -228.87651 -228.60628 -228.33604 -228.06581 -227.83342 -227.70377 -227.57411 -227.44446 -227.3148 -227.18515 -227.0555 -226.90666 -226.65968
-234.56212 -234.36346 -234.1648 -233.96614 -233.76747 -233.56882 -233.37015 -233.1715 -232.98895 -232.96483 -232.86568 -232.70164 -232.53761 -232.37358 -232.20955 -232.04552 -231.88148 -231.71745 -231.55342 -231.6006 -231.84706 -232.09352 -232.34 -232.58646 -232.83292 -233.07939 -233.32585 -233.57233 -233.81879 -233.81317 -233.83003 -234.0277 -234.22537 -234.42303 -234.46799 -234.46254 -234.45708 -234.45163 -234.44618 -234.44072 -234.43527 -234.42982 -234.42436 -234.41891 -234.41347 -234.17339 -233.90315 -233.63292 -233.36269 -233.09245 -232.82222 -232.55199 -232.4023 -232.27264 -232.14299 -232.01334 -231.88368 -231.75403 -231.62437 -231.49472 -231.35585
-238.67696 -238.4783 -238.27963 -238.08098 -237.88231 -237.68365 -237.48499 -237.31657 -237.16928 -237.09598 -237.14645 -237.19691 -237.15965 -236.99562 -236.83159 -236.66756 -236.50352 -236.3395 -236.17546 -236.25186 -236.49834 -236.7448 -236.99126 -237.23773 -237.48419 -237.73067 -237.97713 -238.22359 -238.47006 -238.71373 -238.81154 -238.80608 -238.80063 -238.79518 -238.78972 -238.78427 -238.77882 -238.77336 -238.76791 -238.76247 -238.757 -238.75156 -238.74611 -238.74065 -238.7352 -238.65956 -238.38933 -238.1191 -237.84886 -237.57863 -237.3084 -237.10083 -236.97118 -236.84152 -236.71187 -236.58221 -236.45256 -236.3229 -236.19325 -236.0636 -235.93394
-242.7918 -242.59314 -242.39447 -242.19582 -241.99715 -241.7985 -241.64421 -241.4969 -241.3496 -241.22713 -241.2776 -241.32806 -241.37854 -241.42902 -241.45363 -241.2896 -241.12556 -240.96153 -240.7975 -240.90314 -241.1496 -241.39607 -241.64253 -241.88899 -242.13547 -242.38193 -242.60043 -242.62592 -242.65138 -242.67206 -242.70918 -242.88069 -243.0522 -243.11691 -243.11145 -243.106 -243.10056 -243.0951 -243.08965 -243.0842 -243.07874 -243.07329 -243.06784 -243.06238 -243.05693 -243.05148 -242.8755 -242.60527 -242.33504 -242.0648 -241.79938 -241.66972 -241.54005 -241.4104 -241.28075 -241.1511 -241.02144 -240.89178 -240.76213 -240.63248 -240.50282
-246.90663 -246.70798 -246.50931 -246.31065 -246.11914 -245.97183 -245.82452 -245.67723 -245.52992 -245.38261 -245.40875 -245.45921 -245.50969 -245.56017 -245.61064 -245.6611 -245.71158 -245.58357 -245.41954 -245.55441 -245.80087 -246.04733 -246.25432 -246.27979 -246.30527 -246.33075 -246.35623 -246.3817 -246.40718 -246.41367 -246.39407 -246.4909 -246.6624 -246.83391 -247.00542 -247.17693 -247.34842 -247.41684 -247.41138 -247.40593 -247.40048 -247.39502 -247.38957 -247.38412 -247.37866 -247.37321 -247.36168 -247.09145 -246.82121 -246.55098 -246.36826 -246.2386 -246.10893 -245.97928 -245.84962 -245.71997 -245.59032 -245.46066 -245.33101 -245.20135 -245.0717
-251.02147 -250.82281 -250.62415 -250.44676 -250.29947 -250.15216 -250.00485 -249.85754 -249.71024 -249.56293 -249.5399 -249.59036 -249.64084 -249.69131 -249.74179 -249.79225 -249.84273 -249.8932 -249.94366 -249.93367 -249.95915 -249.98462 -250.0101 -250.03558 -250.06107 -250.08653 -250.11201 -250.1375 -250.16298 -250.15527 -250.13568 -250.11607 -250.27261 -250.44412 -250.61563 -250.78714 -250.95863 -251.13014 -251.30165 -251.47316 -251.64465 -251.71675 -251.7113 -251.70586 -251.7004 -251.69495 -251.6895 -251.57762 -251.30739 -251.06679 -250.93713 -250.80748 -250.67783 -250.54816 -250.4185 -250.28885 -250.1592 -250.02954 -249.89989 -249.77023 -249.64058
-255.1363 -254.93765 -254.7744 -254.62709 -254.47978 -254.33247 -254.18517 -254.03787 -253.89056 -253.74326 -253.67105 -253.72151 -253.77199 -253.82246 -253.87294 -253.9234 -253.97388 -254.02435 -253.83751 -253.68945 -253.71494 -253.74042 -253.7659 -253.79137 -253.81685 -253.84233 -253.86781 -253.89328 -253.91649 -253.89688 -253.87729 -253.85768 -253.88283 -254.05434 -254.22585 -254.39735 -254.56885 -254.74036 -254.91187 -255.08336 -255.25487 -255.42638 -255.59789 -255.76938 -255.94089 -256.0167 -256.01123 -256.00577 -255.79356 -255.63567 -255.50601 -255.37636 -255.2467 -255.11703 -254.98738 -254.85773 -254.72807 -254.59842 -254.46877 -254.33911 -254.20946
-259.25116 -259.10202 -258.9547 -258.8074 -258.6601 -258.5128 -258.3655 -258.2182 -258.0709 -257.92358 -257.8022 -257.85266 -257.90314 -257.9536 -258.0041 -258.05457 -258.10504 -257.91055 -257.70676 -257.503 -257.47073 -257.49622 -257.5217 -257.54715 -257.57263 -257.5981 -257.6236 -257.64908 -257.65808 -257.6385 -257.6189 -257.59927 -257.57968 -257.66455 -257.83606 -258.00757 -258.17908 -258.35056 -258.52206 -258.69357 -258.86508 -259.0366 -259.2081 -259.3796 -259.55112 -259.7226 -259.8941 -260.0656 -260.19437 -260.11118 -260.02795 -259.94476 -259.81558 -259.6859 -259.55627 -259.4266 -259.29697 -259.1673 -259.03766 -258.908 -258.77832
-263.42966 -263.28235 -263.13504 -262.98773 -262.84042 -262.6931 -262.5458 -262.3985 -262.2512 -262.1039 -261.9566 -261.98383 -262.0343 -262.08475 -262.13522 -262.1857 -261.98358 -261.7798 -261.57602 -261.37225 -261.22653 -261.252 -261.27747 -261.30295 -261.32843 -261.3539 -261.3794 -261.40488 -261.3997 -261.3801 -261.3605 -261.34088 -261.3213 -261.3017 -261.44626 -261.61777 -261.78928 -261.9608 -262.1323 -262.3038 -262.4753 -262.6468 -262.8183 -262.9898 -263.16132 -263.33282 -263.50433 -263.65036 -263.77225 -263.86874 -263.78552 -263.70233 -263.6191 -263.5359 -263.4527 -263.36948 -263.2863 -263.20306 -263.11987 -263.03665 -262.95346
-267.61 -267.46268 -267.31537 -267.16806 -267.02075 -266.87344 -266.72614 -266.57883 -266.43152 -266.2842 -266.1369 -266.11496 -266.16544 -266.2159 -266.26038 -266.0566 -265.8528 -265.64905 -265.44528 -265.2415 -265.03772 -265.00778 -265.03326 -265.05875 -265.08423 -265.1097 -265.1352 -265.16064 -265.1413 -265.1217 -265.1021 -265.0825 -265.0629 -265.0433 -265.0565 -265.228 -265.3995 -265.57098 -265.7425 -265.914 -266.0855 -266.25702 -266.42853 -266.60004 -266.77155 -266.94302 -267.08707 -267.20895 -267.3308 -267.4527 -267.5431 -267.45987 -267.37668 -267.29346 -267.21027 -267.12704 -267.04385 -266.96063 -266.87744 -266.79422 -266.71103
-271.79028 -271.64297 -271.4957 -271.3484 -271.20108 -271.05377 -270.90646 -270.75916 -270.61185 -270.46454 -270.31723 -270.24612 -270.2966 -270.3334 -270.12964 -269.92584 -269.72208 -269.5183 -269.3145 -269.11075 -268.90698 -268.76358 -268.78906 -268.81454 -268.84003 -268.8655 -268.89096 -268.90253 -268.8829 -268.8633 -268.84372 -268.8241 -268.8045 -268.7849 -268.7653 -268.8382 -269.0097 -269.1812 -269.35272 -269.52423 -269.69574 -269.86722 -270.03873 -270.21024 -270.38174 -270.52377 -270.64566 -270.76752 -270.8894 -271.01126 -271.13315 -271.21744 -271.13425 -271.05103 -270.96783 -270.8846 -270.80142 -270.7182 -270.635 -270.5518 -270.4686
-275.88702 -275.7891 -275.676 -275.5287 -275.38138 -275.2341 -275.0868 -274.93948 -274.79218 -274.64487 -274.49756 -274.37726 -274.40643 -274.20267 -273.99887 -273.7951 -273.59134 -273.38754 -273.18378 -272.98 -272.7762 -272.57245 -272.54486 -272.57034 -272.5958 -272.62128 -272.64676 -272.64413 -272.6245 -272.60492 -272.58533 -272.5657 -272.5461 -272.52652 -272.5069 -272.4873 -272.61993 -272.7914 -272.96292 -273.13443 -273.30594 -273.47745 -273.64896 -273.82047 -273.96048 -274.08237 -274.20422 -274.3261 -274.44797 -274.56985 -274.6917 -274.8136 -274.8918 -274.8086 -274.7254 -274.64218 -274.559 -274.47577 -274.39258 -274.30936 -274.22614
-279.50497 -279.40704 -279.30914 -279.2112 -279.11328 -279.01538 -278.91745 -278.81955 -278.72162 -278.6237 -278.5258 -278.42786 -278.2757 -278.0719 -277.86813 -277.66437 -277.46057 -277.2568 -277.05304 -276.84924 -276.64548 -276.4417 -276.30063 -276.3261 -276.3516 -276.37708 -276.40256 -276.38574 -276.36612 -276.34653 -276.32693 -276.3073 -276.28772 -276.26813 -276.2485 -276.2289 -276.23013 -276.40164 -276.57315 -276.74466 -276.91614 -277.08765 -277.25916 -277.3972 -277.51907 -277.64093 -277.76282 -277.88467 -278.00656 -278.12842 -278.2503 -278.37216 -278.49402 -278.56616 -278.48297 -278.39975 -278.31656 -278.23334 -278.15012 -278.06693 -278.02548
-283.12292 -283.02502 -282.9271 -282.82916 -282.73126 -282.63333 -282.5354 -282.4375 -282.33957 -282.24167 -282.14374 -282.04535 -281.94623 -281.84708 -281.7374 -281.5336 -281.32983 -281.12607 -280.92227 -280.7185 -280.51474 -280.31094 -280.10718 -280.0819 -280.1074 -280.13287 -280.14694 -280.12735 -280.10773 -280.08813 -280.06854 -280.04892 -280.02933 -280.00974 -279.9901 -279.97052 -279.95093 -280.01184 -280.18335 -280.35486 -280.52637 -280.69788 -280.8339 -280.95578 -281.07764 -281.19952 -281.32138 -281.44324 -281.56512 -281.68698 -281.80887 -281.93073 -282.0526 -282.17447 -282.24054 -282.15732 -282.0741 -281.9909 -281.94833 -281.93488 -281.92145
-286.74088 -286.64297 -286.54504 -286.4471 -286.3492 -286.25128 -286.15338 -286.05545 -285.95752 -285.85962 -285.7617 -285.66284 -285.56372 -285.4646 -285.36545 -285.26633 -285.16718 -284.9953 -284.79153 -284.58777 -284.38397 -284.1802 -283.97644 -283.8377 -283.8632 -283.88867 -283.88855 -283.86896 -283.84933 -283.82974 -283.81015 -283.79053 -283.77094 -283.75134 -283.73172 -283.71213 -283.69254 -283.6729 -283.79358 -283.9651 -284.13657 -284.2706 -284.39246 -284.51434 -284.6362 -284.7581 -284.87994 -285.00183 -285.1237 -285.24557 -285.36743 -285.48932 -285.61118 -285.73306 -285.85492 -285.9149 -285.8712 -285.85773 -285.84427 -285.83084 -285.81738
-290.35883 -290.26093 -290.163 -290.0651 -289.96716 -289.86923 -289.77133 -289.6734 -289.57547 -289.47757 -289.3795 -289.28036 -289.1812 -289.0821 -288.98294 -288.88382 -288.7847 -288.68555 -288.58643 -288.457 -288.25323 -288.04947 -287.84567 -287.6419 -287.619 -287.64444 -287.63016 -287.61057 -287.59094 -287.57135 -287.55176 -287.53214 -287.51254 -287.49295 -287.47333 -287.45374 -287.43414 -287.41452 -287.40378 -287.5753 -287.7073 -287.82916 -287.95105 -288.0729 -288.1948 -288.31665 -288.43854 -288.5646 -288.69565 -288.82672 -288.9578 -289.08884 -289.2199 -289.35098 -289.48206 -289.60376 -289.7043 -289.75366 -289.74023 -289.72678 -289.71332
-293.97147 -293.87888 -293.78094 -293.68304 -293.5851 -293.4872 -293.38928 -293.29135 -293.19345 -293.09552 -292.99698 -292.89786 -292.7987 -292.6996 -292.60043 -292.5013 -292.4022 -292.30304 -292.20392 -292.10477 -292.00565 -291.90652 -291.71494 -291.51117 -291.37476 -291.39136 -291.37177 -291.35217 -291.33255 -291.31296 -291.29337 -291.27374 -291.25415 -291.23456 -291.21494 -291.19534 -291.17575 -291.14072 -291.10455 -291.17743 -291.3085 -291.43958 -291.57062 -291.7017 -291.83276 -291.9638 -292.09488 -292.22595 -292.357 -292.48807 -292.61914 -292.7502 -292.88126 -293.01233 -293.1434 -293.2551 -293.35565 -293.4562 -293.55676 -293.6227 -293.60928
