test/UKGEOS_Glasgow/EXPORTS/ASCII(5mCell)/Faults/Fault_f23_50m_GGERFS_Predrill(5m).asc
ncols 241
nrows 144
xllcenter 263797.75
yllcenter 661348.94
cellsize 5.0
nodata_value 10e32
[rows 104 to 129 of 144, columns 177 to 235 of 241]
-249.95772 -250.82765 -251.69759 -252.56752 -253.43745 -254.30739 -255.17732 -256.04724 -256.91718 -257.7871 -258.86105 -260.10968 -261.3583 -262.4855 -263.21695 -263.9484 -264.67984 -265.4113 -266.14273 -266.87418 -267.60562 -268.3371 -269.39963 -270.4938 -271.58795 -272.68213 -273.7763 -274.87048 -275.96463 -276.96365 -277.82117 -278.67178 -279.5224 -280.373 -281.2236 -282.07422 -282.92484 -283.77545 -284.62604 -285.47665 -286.32727 -287.1779 -288.0285 -288.77835 -289.41718 -290.056 -290.69482 -291.33365 -291.97244 -292.53964 -292.81656 -293.09348 -293.3704 -293.71735 -294.4205 -295.12366 -295.8268 -296.52997 -297.23312
-245.16974 -246.03966 -246.90959 -247.77953 -248.64946 -249.5194 -250.38933 -251.25926 -252.1292 -252.99913 -254.0688 -255.31743 -256.33344 -257.06488 -257.79633 -258.52777 -259.25922 -259.99066 -260.7221 -261.45355 -262.185 -262.91644 -263.95682 -265.051 -266.14517 -267.23935 -268.3335 -269.42767 -270.3651 -271.22998 -272.11407 -272.99973 -273.88245 -274.73303 -275.58365 -276.43427 -277.28488 -278.1355 -278.98608 -279.8367 -280.68732 -281.53793 -282.38855 -283.23917 -283.88364 -284.52246 -285.1613 -285.8001 -286.4389 -287.07773 -287.71655 -288.35538 -288.81113 -289.08804 -289.71933 -290.4225 -291.12564 -291.8288 -292.4224
-240.38174 -241.25168 -242.1216 -242.99153 -243.86147 -244.7314 -245.60133 -246.47127 -247.3412 -248.21114 -249.27655 -250.18137 -250.91281 -251.64426 -252.3757 -253.10715 -253.8386 -254.57004 -255.30148 -256.03293 -256.76437 -257.49582 -258.51404 -259.60822 -260.70236 -261.79654 -262.89072 -263.77054 -264.63544 -265.50034 -266.37885 -267.2645 -268.15015 -269.0358 -269.92145 -270.7943 -271.64493 -272.49554 -273.34616 -274.19675 -275.04736 -275.89798 -276.7486 -277.5992 -278.35013 -278.98892 -279.62775 -280.26657 -280.9054 -281.5442 -282.183 -282.82184 -283.46066 -284.09253 -284.66705 -285.2102 -285.75333 -286.29648 -286.8396
-234.70209 -235.63622 -236.57036 -237.50449 -238.43861 -239.37274 -240.30687 -241.24101 -242.17514 -243.10927 -243.97244 -244.76074 -245.49219 -246.22363 -246.95508 -247.68652 -248.41797 -249.14941 -249.88086 -250.6123 -251.34375 -252.07521 -253.07124 -254.16542 -255.25958 -256.3111 -257.176 -258.0409 -258.90576 -259.77066 -260.64362 -261.52927 -262.41492 -263.30057 -264.18622 -265.07187 -265.95752 -266.84317 -267.7062 -268.5568 -269.4074 -270.25803 -271.10864 -271.95926 -272.80984 -273.45538 -274.0942 -274.73303 -275.37186 -276.01068 -276.64948 -277.2883 -277.8742 -278.45743 -279.04062 -279.62384 -280.17053 -280.71365 -281.2568
-228.9905 -229.92462 -230.85875 -231.7929 -232.72702 -233.66115 -234.59528 -235.5294 -236.46353 -237.35818 -238.21779 -239.04388 -239.85583 -240.66779 -241.47974 -242.2659 -242.99734 -243.72879 -244.46024 -245.19168 -245.92313 -246.65457 -247.62845 -248.72263 -249.71655 -250.58144 -251.44632 -252.3112 -253.17609 -254.04099 -254.9084 -255.79405 -256.67972 -257.56534 -258.451 -259.33664 -260.2223 -261.10794 -261.9936 -262.87924 -263.7649 -264.61807 -265.4687 -266.3193 -267.1699 -267.92188 -268.56067 -269.1995 -269.83832 -270.47714 -271.0727 -271.65588 -272.2391 -272.82233 -273.40555 -273.98874 -274.57196 -275.13086 -275.674
-223.2789 -224.21303 -225.14716 -226.08128 -227.01543 -227.94955 -228.88368 -229.81781 -230.72868 -231.58829 -232.44789 -233.30336 -234.11531 -234.92726 -235.73921 -236.55116 -237.36311 -238.17506 -238.98701 -239.77106 -240.5025 -241.23395 -242.18565 -243.122 -243.98688 -244.85176 -245.71664 -246.58154 -247.44643 -248.31131 -249.1762 -250.05884 -250.94447 -251.83012 -252.71577 -253.60143 -254.48708 -255.37273 -256.2584 -257.14404 -258.0297 -258.91534 -259.801 -260.67935 -261.52997 -262.38055 -263.02716 -263.66595 -264.27115 -264.85437 -265.4376 -266.0208 -266.604 -267.18723 -267.77045 -268.35367 -268.93686 -269.52008 -270.09122
-217.2454 -218.50143 -219.43556 -220.36969 -221.30382 -222.23796 -223.17209 -224.09918 -224.95879 -225.81839 -226.678 -227.5376 -228.3748 -229.18675 -229.9987 -230.81065 -231.6226 -232.43456 -233.2465 -234.05846 -234.8704 -235.68236 -236.52748 -237.39232 -238.25722 -239.1221 -239.98698 -240.85187 -241.71675 -242.58163 -243.44652 -244.32361 -245.20926 -246.09491 -246.98056 -247.86621 -248.75186 -249.63751 -250.52316 -251.40881 -252.29446 -253.18011 -254.06575 -254.9514 -255.83705 -256.72272 -257.46964 -258.05286 -258.63605 -259.21927 -259.8025 -260.3857 -260.96893 -261.55212 -262.13535 -262.71857 -263.3018 -263.88498 -264.4682
-210.6995 -212.24313 -213.72397 -214.6581 -215.59222 -216.52635 -217.4605 -218.32927 -219.18887 -220.04848 -220.9081 -221.7677 -222.6273 -223.44623 -224.25818 -225.07013 -225.88208 -226.69403 -227.506 -228.31795 -229.1299 -229.97217 -230.82349 -231.6748 -232.52754 -233.39243 -234.25731 -235.1222 -235.98708 -236.85196 -237.71686 -238.58838 -239.47403 -240.35968 -241.24533 -242.13098 -243.01663 -243.90228 -244.78793 -245.67358 -246.55923 -247.44489 -248.33054 -249.20143 -249.91368 -250.62593 -251.33478 -252.02316 -252.71155 -253.39993 -254.08832 -254.75061 -255.33382 -255.91704 -256.50024 -257.08347 -257.6667 -258.2499 -258.8331
-204.1536 -205.69724 -207.24086 -208.7845 -209.88063 -210.81476 -211.69977 -212.55937 -213.41898 -214.27858 -215.13818 -215.99779 -216.8574 -217.70572 -218.51767 -219.32962 -220.14157 -220.95352 -221.76547 -222.57742 -223.41687 -224.26819 -225.1195 -225.97083 -226.82214 -227.67346 -228.52763 -229.39252 -230.25742 -231.1223 -231.98718 -232.85316 -233.73882 -234.62447 -235.51012 -236.39577 -237.28142 -238.16707 -239.05272 -239.93837 -240.824 -241.57968 -242.29195 -243.0042 -243.71646 -244.42871 -245.14098 -245.83347 -246.52185 -247.21024 -247.89862 -248.587 -249.27539 -249.96378 -250.65216 -251.34056 -252.02895 -252.6148 -253.19801
-197.85112 -199.34494 -200.83878 -202.33261 -203.82645 -205.07027 -205.92987 -206.78947 -207.64908 -208.50868 -209.36829 -210.22789 -211.0875 -211.9471 -212.77716 -213.58911 -214.40106 -215.21301 -216.02496 -216.86156 -217.71288 -218.5642 -219.41551 -220.26683 -221.11815 -221.96947 -222.82079 -223.6721 -224.52774 -225.39262 -226.2575 -227.12239 -228.00359 -228.88924 -229.77489 -230.66054 -231.54619 -232.43184 -233.2457 -233.95795 -234.67021 -235.38246 -236.09473 -236.80698 -237.51923 -238.23149 -238.94374 -239.64375 -240.33215 -241.02054 -241.70892 -242.39731 -243.0857 -243.77408 -244.46246 -245.15085 -245.83923 -246.52763 -247.21602
-191.72993 -193.22377 -194.71759 -196.20248 -197.52151 -198.84053 -199.86476 -200.87175 -201.87874 -202.73878 -203.59839 -204.458 -205.3176 -206.1772 -207.03664 -207.84859 -208.66054 -209.47249 -210.30626 -211.15758 -212.0089 -212.86021 -213.71153 -214.56285 -215.41415 -216.26547 -217.11679 -217.96811 -218.81943 -219.67075 -220.52783 -221.39272 -222.26837 -223.15402 -224.03967 -224.9117 -225.62396 -226.33621 -227.04848 -227.76073 -228.47298 -229.18524 -229.89749 -230.60976 -231.322 -232.03427 -232.74652 -233.45406 -234.14244 -234.83083 -235.51923 -236.20761 -236.896 -237.58438 -238.27277 -238.96115 -239.64954 -240.33792 -241.02632
-185.60875 -187.10258 -188.48582 -189.80486 -191.12387 -192.4429 -193.60847 -194.61546 -195.62245 -196.62944 -197.63643 -198.64342 -199.5477 -200.4073 -201.2669 -202.10808 -202.92003 -203.75095 -204.60226 -205.45358 -206.3049 -207.15622 -208.00754 -208.85886 -209.71017 -210.5615 -211.41281 -212.26413 -213.11545 -213.96675 -214.81807 -215.66939 -216.53314 -217.28996 -218.00223 -218.71448 -219.42673 -220.13899 -220.85124 -221.5635 -222.27576 -222.98802 -223.70027 -224.41252 -225.12479 -225.83704 -226.5493 -227.26155 -227.95274 -228.64113 -229.32951 -230.0179 -230.7063 -231.39468 -232.08307 -232.77145 -233.45984 -234.14822 -234.83661
-179.45015 -180.76917 -182.0882 -183.40723 -184.72624 -186.04527 -187.35219 -188.35918 -189.36617 -190.37315 -191.38014 -192.38713 -193.39412 -194.40111 -195.4081 -196.35661 -197.19565 -198.04697 -198.89828 -199.74951 -200.59283 -201.43616 -202.27948 -203.1228 -203.96613 -204.80945 -205.65277 -206.4961 -207.33942 -208.18274 -209.02608 -209.8694 -210.48077 -211.13176 -211.82379 -212.51726 -213.2295 -213.94177 -214.65402 -215.36627 -216.07854 -216.79079 -217.50305 -218.2153 -218.92757 -219.63982 -220.35207 -221.06433 -221.76305 -222.45143 -223.13982 -223.8282 -224.51659 -225.20499 -225.89337 -226.58176 -227.27014 -227.95853 -228.39119
-173.0525 -174.37154 -175.69057 -177.00958 -178.32861 -179.64763 -180.96666 -182.10289 -183.10988 -184.11687 -185.12386 -186.13084 -187.13783 -188.14482 -189.15181 -190.22908 -191.31375 -192.23232 -193.07838 -193.9217 -194.76503 -195.60835 -196.45168 -197.295 -198.13832 -198.98164 -199.82497 -200.66829 -201.51161 -202.35493 -203.19826 -203.91008 -204.448 -205.01118 -205.70323 -206.39526 -207.0873 -207.77933 -208.47136 -209.16905 -209.88132 -210.59357 -211.30582 -212.01808 -212.73033 -213.4426 -214.15485 -214.86711 -215.57335 -216.26173 -216.95012 -217.6385 -218.32689 -219.01527 -219.70366 -220.33086 -220.69252 -221.0542 -221.41588
-166.65488 -167.9739 -169.29292 -170.61195 -171.93097 -173.25 -174.56903 -175.84662 -176.8536 -177.8606 -178.86758 -179.87457 -180.88156 -181.88853 -182.98593 -184.13243 -185.27893 -186.2413 -187.15987 -188.07843 -188.93723 -189.78055 -190.62387 -191.4672 -192.31052 -193.15384 -193.99716 -194.84048 -195.6838 -196.52713 -197.33937 -197.8773 -198.41522 -198.95314 -199.58266 -200.27469 -200.96672 -201.65877 -202.3508 -203.04283 -203.73486 -204.4269 -205.11893 -205.82086 -206.53311 -207.24536 -207.95763 -208.66988 -209.38214 -210.07204 -210.76042 -211.4488 -212.13719 -212.63219 -212.99387 -213.35555 -213.71721 -214.07889 -214.44057
-160.18164 -161.56146 -162.8953 -164.21432 -165.53334 -166.85237 -168.17139 -169.49042 -170.59732 -171.60431 -172.6113 -173.61829 -174.62527 -175.7428 -176.8893 -178.0358 -179.1823 -180.25029 -181.16885 -182.08742 -183.00598 -183.92455 -184.79605 -185.63939 -186.48271 -187.32603 -188.16936 -189.01268 -189.856 -190.69933 -191.3066 -191.84453 -192.38245 -192.92036 -193.46208 -194.15413 -194.84616 -195.5382 -196.23022 -196.92226 -197.6143 -198.30634 -198.99837 -199.6904 -200.38243 -201.07446 -201.76651 -202.47266 -203.1849 -203.88234 -204.57072 -204.93352 -205.2952 -205.65688 -206.01855 -206.38023 -206.7419 -207.10358 -207.46526
-153.63573 -155.01555 -156.39537 -157.77519 -159.13571 -160.45473 -161.77376 -163.09279 -164.34103 -165.34802 -166.35501 -167.362 -168.49966 -169.64616 -170.79266 -171.93916 -173.08566 -174.23216 -175.17784 -176.0964 -177.01497 -177.93353 -178.8521 -179.77066 -180.65489 -181.49823 -182.34155 -183.18488 -184.0282 -184.7359 -185.27382 -185.81175 -186.34967 -186.88759 -187.42552 -188.03355 -188.72559 -189.41762 -190.10966 -190.8017 -191.49373 -192.18576 -192.87779 -193.56984 -194.26187 -194.9539 -195.64594 -196.33797 -196.96416 -197.25487 -197.60672 -197.95859 -198.31989 -198.68156 -199.04324 -199.40492 -199.76659 -200.12827 -200.48994
-147.08981 -148.46964 -149.84946 -151.22928 -152.6091 -153.98892 -155.36874 -156.69514 -158.01418 -159.09174 -160.11003 -161.25653 -162.40303 -163.54953 -164.69603 -165.84253 -166.98901 -168.13551 -169.18681 -170.10538 -171.02394 -171.9425 -172.86108 -173.77965 -174.69821 -175.61678 -176.51373 -177.35706 -178.16519 -178.70312 -179.24104 -179.77896 -180.3169 -180.85481 -181.39275 -181.93066 -182.60503 -183.29706 -183.98909 -184.68112 -185.37315 -186.0652 -186.75723 -187.44926 -188.1413 -188.83333 -189.52538 -189.81938 -190.09819 -190.37701 -190.6917 -191.04355 -191.3954 -191.74727 -192.09912 -192.45097 -192.80283 -193.15468 -193.51463
-140.49893 -141.92372 -143.30354 -144.68336 -146.06319 -147.443 -148.82281 -150.20264 -151.58246 -152.8669 -154.0134 -155.1599 -156.3064 -157.45288 -158.59938 -159.74588 -160.89238 -162.03888 -163.18538 -164.11436 -165.03293 -165.95149 -166.87006 -167.78862 -168.70718 -169.62576 -170.54433 -171.46289 -172.13156 -172.67035 -173.20827 -173.74619 -174.28412 -174.82204 -175.35997 -175.89789 -176.48445 -177.17648 -177.86853 -178.56056 -179.2526 -179.94463 -180.63666 -181.32869 -182.02074 -182.39578 -182.67459 -182.95341 -183.23224 -183.51105 -183.78987 -184.12852 -184.48038 -184.83223 -185.18408 -185.53593 -185.8878 -186.23965 -186.5915
-133.89583 -135.36093 -136.75761 -138.13744 -139.51726 -140.89708 -142.2769 -143.65672 -145.03654 -146.38765 -147.73192 -149.06325 -150.20975 -151.35625 -152.50275 -153.64925 -154.79575 -155.94225 -157.08875 -158.12335 -159.04192 -159.96048 -160.87904 -161.7976 -162.71617 -163.63474 -164.47566 -165.12999 -165.78433 -166.43867 -167.093 -167.71341 -168.25134 -168.78926 -169.32718 -169.86511 -170.40303 -171.05592 -171.74796 -172.43999 -173.13202 -173.82407 -174.5161 -174.97217 -175.25099 -175.52982 -175.80862 -176.08745 -176.36627 -176.64508 -176.9239 -177.21349 -177.56534 -177.9172 -178.26906 -178.62091 -178.97276 -179.32462 -179.67647
-127.292725 -128.75783 -130.2117 -131.59152 -132.97134 -134.35117 -135.73099 -137.11081 -138.47804 -139.82231 -141.16658 -142.51085 -143.85512 -145.19939 -146.40611 -147.55261 -148.69911 -149.84561 -150.99211 -152.13234 -153.0509 -153.96947 -154.88803 -155.8066 -156.72516 -157.47409 -158.12842 -158.78276 -159.43709 -160.09143 -160.74577 -161.4001 -162.05444 -162.70877 -163.2944 -163.83234 -164.37025 -164.93535 -165.62738 -166.31943 -167.01146 -167.54857 -167.8274 -168.1062 -168.38503 -168.66385 -168.94266 -169.22148 -169.5003 -169.77911 -170.05794 -170.33676 -170.65031 -171.00217 -171.35402 -171.70589 -172.05774 -172.40959 -172.76144
-120.68961 -122.15472 -123.61983 -125.04561 -126.42543 -127.80525 -129.18507 -130.5649 -131.91269 -133.25696 -134.60123 -135.9455 -137.28976 -138.63403 -139.9783 -141.32257 -142.60246 -143.74896 -144.89546 -146.04196 -147.05989 -147.97845 -148.89702 -149.81558 -150.4725 -151.12685 -151.78119 -152.43552 -153.08986 -153.74419 -154.39853 -155.05287 -155.7072 -156.36154 -157.01588 -157.67021 -158.32455 -158.8754 -159.50682 -160.12497 -160.40378 -160.6826 -160.96143 -161.24023 -161.51906 -161.79788 -162.07669 -162.35551 -162.63434 -162.91315 -163.19197 -163.4708 -163.7496 -164.08714 -164.439 -164.79085 -165.1427 -165.47452 -165.78722
-114.08651 -115.55161 -117.016716 -118.48182 -119.87951 -121.25933 -122.63915 -124.00308 -125.34735 -126.69162 -128.03589 -129.38016 -130.72443 -132.0687 -133.41296 -134.75723 -136.1015 -137.44577 -138.79004 -139.94533 -141.06886 -141.98743 -142.8166 -143.47093 -144.12527 -144.7796 -145.43394 -146.08829 -146.74261 -147.39696 -148.0513 -148.70563 -149.35997 -149.95872 -150.43692 -150.91513 -151.39333 -151.87154 -152.17072 -152.7627 -153.12175 -153.48079 -153.83984 -154.1989 -154.55795 -154.917 -155.21072 -155.48955 -155.76837 -156.04718 -156.326 -156.60483 -156.88364 -157.1721 -157.52396 -157.84254 -158.15524 -158.46794 -158.78062
-107.483406 -108.94851 -110.41361 -111.878716 -113.333595 -114.71342 -116.09323 -117.43774 -118.782005 -120.126274 -121.47054 -122.81481 -124.15908 -125.50335 -126.84762 -128.19188 -129.53615 -130.88042 -132.22469 -133.56895 -134.91322 -135.63992 -136.11813 -136.59633 -137.07454 -137.55273 -138.03094 -138.50914 -138.98735 -139.46555 -139.94376 -140.42195 -140.90015 -141.37836 -141.85655 -142.33476 -142.81296 -142.98875 -142.97495 -143.77815 -144.72719 -145.11467 -145.47372 -145.83278 -146.19182 -146.55087 -146.90993 -147.26898 -147.62804 -147.98708 -148.34613 -148.70518 -149.06424 -149.54831 -150.28394 -150.83597 -151.14865 -151.46135 -151.77405
-100.50915 -102.177124 -103.81051 -105.27561 -106.740715 -108.167496 -109.52812 -110.87239 -112.21666 -113.56093 -114.9052 -116.249466 -117.527275 -118.740105 -119.952934 -121.165764 -122.37859 -123.59142 -124.80425 -126.01708 -126.93769 -127.18084 -127.537766 -128.01598 -128.49417 -128.97237 -129.45058 -129.92877 -130.40698 -130.88518 -131.36339 -131.84158 -132.3198 -132.79799 -133.2762 -133.7544 -133.94698 -133.93318 -133.91937 -134.43655 -135.38559 -136.33463 -137.10759 -137.46664 -137.8257 -138.18475 -138.54381 -138.90285 -139.2619 -139.62096 -139.98001 -140.33907 -140.76564 -141.50125 -142.23688 -142.97249 -143.7081 -144.44371 -144.76746
-93.031235 -94.69921 -96.36719 -98.035164 -99.70314 -101.37112 -102.551735 -103.764565 -104.977394 -106.19022 -107.40305 -108.61588 -109.82871 -111.04154 -112.25437 -113.4672 -114.68003 -115.89286 -117.10569 -118.31852 -118.624115 -118.86726 -119.11041 -119.4356 -119.9138 -120.392006 -120.87021 -121.34841 -121.826614 -122.30482 -122.78302 -123.26122 -123.739426 -124.21763 -124.69583 -124.905205 -124.8914 -124.8776 -124.8638 -125.094955 -126.04399 -126.99303 -127.942055 -128.8911 -129.45956 -129.81862 -130.17767 -130.53673 -130.89578 -131.25482 -131.61388 -131.98297 -132.71858 -133.4542 -134.18982 -134.92543 -135.66104 -136.39667 -137.13228
