test/UKGEOS_Glasgow/EXPORTS/ASCII(5mCell)/Faults/Fault_Rutherglen_50m_GGERFS_Predrill(5m).asc
ncols 567
nrows 127
xllcenter 260000.0
yllcenter 660850.0
cellsize 5.0
nodata_value 10e32
[rows 62 to 92 of 127, columns 68 to 135 of 567]
-85.83424 -87.29149 -88.748726 -90.20597 -91.66321 -93.12045 -94.5777 -96.034935 -97.49218 -98.94942 -100.40666 -101.86391 -103.321144 -104.77839 -106.23563 -107.69287 -108.79076 -109.78382 -110.776886 -111.76995 -112.76301 -113.75607 -114.9746 -116.2029 -117.431206 -118.65951 -119.88781 -121.11611 -122.388336 -123.70861 -125.02889 -126.349174 -127.66946 -128.99046 -130.33228 -131.67407 -133.01588 -134.35768 -135.6995 -137.04129 -138.3831 -140.07674 -141.79842 -143.5201 -145.24176 -146.96344 -148.68512 -150.4068 -152.12846 -153.85014 -155.57182 -157.29349 -159.01517 -160.7821 -162.57343 -164.43793 -166.40553 -168.37314 -170.34073 -172.30833 -174.27594 -176.24353 -178.18149 -180.11588 -182.05025 -183.98463 -185.91902 -187.8534
-78.07702 -79.478485 -80.919586 -82.37682 -83.83407 -85.29131 -86.74855 -88.205795 -89.66303 -91.12028 -92.57752 -94.03476 -95.492004 -96.94924 -98.40649 -99.86373 -101.1212 -102.114265 -103.10733 -104.100395 -105.09345 -106.08652 -107.07958 -108.07265 -109.24719 -110.475494 -111.70379 -112.93209 -114.16039 -115.46189 -116.78217 -118.10245 -119.42273 -120.75628 -122.09808 -123.43989 -124.78169 -126.1235 -127.4653 -128.80711 -130.14891 -131.49072 -133.11836 -134.84004 -136.5617 -138.28339 -140.00507 -141.72673 -143.44841 -145.17009 -146.89175 -148.6184 -150.40973 -152.20105 -153.99237 -155.7837 -157.57503 -159.53732 -161.50491 -163.47252 -165.44012 -167.40771 -169.37532 -171.34293 -173.31052 -175.27812 -177.24573 -179.21332
-70.48863 -71.8901 -73.291565 -74.69303 -76.0945 -77.495964 -78.91941 -80.37665 -81.83389 -83.29114 -84.748375 -86.20562 -87.66286 -89.1201 -90.57735 -92.034584 -93.451645 -94.44471 -95.437775 -96.43084 -97.4239 -98.41696 -99.41003 -100.40309 -101.39616 -102.38921 -103.519775 -104.74808 -105.97638 -107.215164 -108.535446 -109.85573 -111.18029 -112.522095 -113.8639 -115.2057 -116.54751 -117.88931 -119.23112 -120.57292 -121.914734 -123.25654 -124.59834 -126.15998 -127.88165 -129.60333 -131.32501 -133.04668 -134.76836 -136.49004 -138.24602 -140.03735 -141.82867 -143.62 -145.41133 -147.20265 -148.99399 -150.78531 -152.6691 -154.6367 -156.6043 -158.5719 -160.5395 -162.50711 -164.4747 -166.4423 -168.40991 -170.3775
-62.953148 -64.30171 -65.70318 -67.104645 -68.50611 -69.90758 -71.309044 -72.71051 -74.111984 -75.51345 -76.919235 -78.37647 -79.83372 -81.29096 -82.7482 -84.205444 -85.66268 -86.775154 -87.76822 -88.761284 -89.75434 -90.747406 -91.74047 -92.733536 -93.7266 -94.71966 -95.71272 -96.70579 -97.79236 -99.02066 -100.28872 -101.609 -102.9461 -104.28791 -105.629715 -106.97152 -108.313324 -109.65513 -110.99693 -112.33874 -113.68054 -115.022354 -116.36416 -117.70596 -119.2016 -120.92327 -122.64495 -124.36662 -126.0883 -127.87364 -129.66496 -131.4563 -133.24762 -135.03896 -136.83028 -138.62161 -140.41293 -142.20425 -143.99559 -145.80089 -147.76848 -149.73608 -151.70369 -153.67128 -155.63889 -157.60649 -159.57408 -161.54169
-55.445805 -56.776814 -58.11479 -59.51626 -60.917725 -62.319195 -63.72066 -65.12212 -66.52359 -67.925064 -69.32653 -70.728 -72.12946 -73.53093 -74.932396 -76.3763 -77.83354 -79.1056 -80.09866 -81.09173 -82.084785 -83.07785 -84.070915 -85.06398 -86.057045 -87.0501 -88.04317 -89.03623 -90.0293 -91.022354 -92.06495 -93.37011 -94.711914 -96.05372 -97.39552 -98.737335 -100.07914 -101.420944 -102.76275 -104.10455 -105.44636 -106.78816 -108.129974 -109.47178 -110.81358 -112.24322 -113.9649 -115.70994 -117.50127 -119.292595 -121.08392 -122.875244 -124.66657 -126.4579 -128.24924 -130.04056 -131.83188 -133.62321 -135.41454 -137.20587 -138.9972 -140.90027 -142.86786 -144.83546 -146.80307 -148.77068 -150.73827 -152.70587
-47.93846 -49.26947 -50.600483 -51.93149 -53.329338 -54.730804 -56.132275 -57.53374 -58.935207 -60.336674 -61.73814 -63.139606 -64.54108 -65.94254 -67.34401 -68.745476 -70.14694 -71.25091 -72.25395 -73.23841 -74.22287 -75.20733 -76.19179 -77.17625 -78.160706 -79.145164 -80.12962 -81.11408 -82.09854 -83.083 -84.06258 -85.00782 -86.194855 -87.54883 -88.9028 -90.256775 -91.61074 -92.964714 -94.31869 -95.67266 -97.026634 -98.38061 -99.73457 -101.08855 -102.44252 -103.79649 -105.28617 -107.05808 -108.884865 -110.71154 -112.50287 -114.2942 -116.085526 -117.876854 -119.66818 -121.45951 -123.25083 -125.04216 -126.83349 -128.62482 -130.41614 -132.20747 -134.03204 -135.99965 -137.96725 -139.93484 -141.90143 -143.82825
-40.431118 -41.762127 -43.09314 -44.42415 -45.75516 -47.142418 -48.543884 -49.945354 -51.34682 -52.748287 -54.149754 -55.55122 -56.952686 -58.354153 -59.755623 -60.969456 -62.03074 -63.092026 -64.15331 -65.16222 -66.146675 -67.131134 -68.11559 -69.10005 -70.08451 -71.06897 -72.05343 -73.03789 -74.02235 -75.006805 -75.95348 -76.898735 -77.84398 -78.88022 -80.23419 -81.58816 -82.94213 -84.296104 -85.65008 -87.00405 -88.358025 -89.71199 -91.06596 -92.41994 -93.77391 -95.22779 -96.807686 -98.38758 -99.967476 -101.687195 -103.51397 -105.34075 -107.16753 -108.99431 -110.82108 -112.647865 -114.47464 -116.30142 -118.128204 -119.95498 -121.78176 -123.608536 -125.41775 -127.209076 -129.12433 -131.05116 -132.97798 -134.9048
-32.92377 -34.254784 -35.585796 -36.916805 -38.247818 -39.578827 -40.955498 -42.356964 -43.758434 -45.1599 -46.561367 -47.962833 -49.3643 -50.688004 -51.749287 -52.810574 -53.871857 -54.933144 -55.994427 -57.055714 -58.07048 -59.05494 -60.0394 -61.023857 -62.008316 -62.99278 -63.977238 -64.96169 -65.94615 -66.89915 -67.84439 -68.78964 -69.734886 -70.68014 -71.62538 -72.91955 -74.27352 -75.627495 -76.98147 -78.33544 -79.689415 -81.04338 -82.397354 -83.75133 -85.16941 -86.749306 -88.3292 -89.9091 -91.489 -93.06889 -94.64879 -96.3163 -98.14308 -99.96986 -101.79664 -103.62341 -105.450195 -107.27697 -109.10375 -110.930534 -112.75731 -114.58409 -116.39431 -118.19447 -120.03719 -122.02774 -124.018295 -125.98137
-25.41643 -26.74744 -28.078451 -29.409462 -30.740473 -32.071484 -33.402496 -34.768578 -36.170044 -37.571514 -38.97298 -40.374447 -41.467834 -42.52912 -43.590405 -44.65169 -45.712975 -46.77426 -47.835545 -48.896828 -49.958115 -50.978745 -51.963203 -52.947666 -53.932125 -54.916584 -55.901043 -56.8855 -57.844807 -58.790054 -59.735302 -60.68055 -61.625797 -62.571045 -63.516293 -64.46154 -65.60491 -66.958885 -68.31286 -69.66683 -71.0208 -72.37477 -73.728745 -75.11103 -76.69093 -78.27083 -79.85072 -81.43062 -83.01051 -84.59041 -86.1703 -87.750206 -89.3301 -90.94541 -92.77219 -94.59897 -96.42574 -98.252525 -100.0793 -101.90271 -103.70287 -105.50304 -107.30321 -109.10337 -110.903534 -112.87084 -114.86139 -116.851944
-17.909086 -19.240097 -20.571108 -21.902119 -23.23313 -24.56414 -25.895151 -27.226164 -28.58166 -29.983126 -31.186382 -32.24767 -33.308952 -34.370235 -35.431522 -36.492805 -37.554092 -38.615376 -39.676662 -40.737946 -41.799232 -42.860516 -43.887012 -44.87147 -45.85593 -46.84039 -47.82485 -48.790466 -49.735714 -50.68096 -51.62621 -52.571457 -53.516705 -54.461952 -55.4072 -56.352448 -57.297695 -58.290276 -59.644245 -60.99822 -62.352192 -63.70616 -65.060135 -66.63255 -68.21245 -69.79234 -71.37224 -72.95213 -74.532036 -76.11193 -77.691826 -79.27172 -80.851616 -82.43151 -84.01141 -85.59131 -87.4013 -89.21127 -91.01144 -92.8116 -94.61177 -96.411934 -98.212105 -100.01227 -101.81243 -103.713936 -105.70448 -107.69504
-10.401742 -11.732753 -13.063764 -14.394775 -15.725786 -17.033306 -18.3299 -19.626495 -20.923096 -21.96073 -23.024286 -24.087843 -25.15007 -26.211355 -27.27264 -28.333923 -29.395208 -30.456493 -31.517778 -32.579063 -33.64035 -34.701633 -35.76292 -36.795277 -37.779736 -38.764194 -39.736126 -40.681374 -41.62662 -42.57187 -43.517117 -44.462364 -45.40761 -46.35286 -47.298107 -48.243355 -49.188602 -50.13385 -51.079098 -52.32961 -53.68358 -55.03755 -56.574173 -58.154068 -59.733967 -61.31386 -62.893757 -64.473656 -66.05355 -67.633446 -69.21334 -70.753914 -72.28618 -73.81844 -75.35071 -76.88297 -78.49704 -80.173096 -81.920334 -83.7205 -85.52067 -87.32083 -89.120995 -90.921165 -92.72133 -94.55703 -96.547585 -98.53813
-2.671785 -3.96838 -5.264975 -6.5615697 -7.858165 -9.154759 -10.451355 -11.747964 -12.795972 -13.788216 -14.847 -15.910558 -16.974115 -18.037672 -19.101229 -20.164785 -21.228344 -22.2919 -23.355457 -24.419014 -25.481466 -26.542751 -27.604036 -28.665321 -29.703543 -30.681787 -31.627035 -32.57228 -33.51753 -34.462776 -35.408024 -36.35327 -37.298523 -38.24377 -39.18902 -40.134266 -41.079514 -42.02476 -42.97001 -43.915257 -45.01497 -46.515797 -48.09569 -49.655357 -51.187622 -52.719887 -54.25215 -55.784412 -57.316677 -58.84894 -60.381207 -61.91347 -63.445736 -64.978004 -66.51026 -68.0557 -69.71365 -71.37945 -73.05671 -74.73397 -76.429565 -78.22973 -80.02989 -81.83006 -83.630226 -85.43039 -87.39068 -89.381226
5.2067614 3.9101667 2.613572 1.316977 0.020382166 -1.2762233 -2.572832 -3.6627622 -4.654702 -5.6470985 -6.669714 -7.733271 -8.796828 -9.860386 -10.923943 -11.987499 -13.051057 -14.114614 -15.178171 -16.241728 -17.305285 -18.368843 -19.4324 -20.49596 -21.533295 -22.48882 -23.434221 -24.376183 -25.318144 -26.260105 -27.202066 -28.144028 -29.085989 -30.02795 -30.969912 -31.911873 -32.853832 -33.795795 -34.737755 -35.679718 -36.699577 -37.85545 -39.330833 -40.84371 -42.356586 -43.87944 -45.411705 -46.94397 -48.476234 -50.0085 -51.540764 -53.07303 -54.605293 -56.137558 -57.669823 -59.272312 -60.930264 -62.588215 -64.26306 -65.94032 -67.617584 -69.29485 -70.972115 -72.73896 -74.53912 -76.33929 -78.23377 -80.22433
13.085308 11.788713 10.492119 9.195517 7.898908 6.602299 5.470447 4.4785075 3.4865677 2.4940193 1.5019282 0.44401497 -0.6195421 -1.6830993 -2.7466564 -3.8102136 -4.8737707 -5.937328 -7.000885 -8.064442 -9.127995 -10.191538 -11.255078 -12.244954 -13.195983 -14.150932 -15.10914 -16.067347 -17.015266 -17.957228 -18.899189 -19.84115 -20.783112 -21.725073 -22.667034 -23.608995 -24.550957 -25.492918 -26.449085 -27.486132 -28.523178 -29.560223 -30.753723 -32.15573 -33.6437 -35.156574 -36.66945 -38.182327 -39.6952 -41.20808 -42.720955 -44.23383 -45.76485 -47.29711 -48.83097 -50.488922 -52.146873 -53.804825 -55.469414 -57.146675 -58.823936 -60.5012 -62.178463 -63.85573 -65.53299 -67.248184 -69.076866 -71.06742
10e32 10e32 10e32 17.07404 15.777431 14.603668 13.611717 12.619777 11.627837 10.635137 9.643045 8.621302 7.557744 6.494187 5.4306297 4.3670726 3.303505 2.239968 1.1764247 0.11288154 -0.95059663 -2.0054781 -2.9566143 -3.9076428 -4.859122 -5.8130774 -6.771254 -7.729461 -8.687669 -9.645876 -10.596312 -11.538273 -12.480234 -13.422195 -14.364157 -15.306118 -16.24808 -17.23564 -18.272686 -19.30973 -20.346777 -21.383821 -22.420868 -23.651995 -25.054003 -26.45601 -27.956562 -29.469437 -30.982313 -32.49519 -34.008064 -35.520943 -37.033817 -38.546696 -40.10494 -41.715378 -43.363483 -45.021435 -46.679382 -48.353027 -50.03029 -51.70755 -53.384815 -55.062077 -56.73934 -58.406776 -60.06373 -61.902607
10e32 10e32 10e32 10e32 10e32 10e32 10e32 10e32 10e32 10e32 17.784164 16.792072 15.73503 14.671439 13.60793 12.544387 11.480844 10.4173 9.353885 8.290158 7.282836 6.331726 5.3806973 4.429669 3.4779649 2.524774 1.5666322 0.6084249 -0.34978235 -1.3079896 -2.2661967 -3.224404 -4.1773577 -5.119319 -6.0612803 -7.0032415 -8.022193 -9.059238 -10.096284 -11.133329 -12.170376 -13.207421 -14.244467 -15.281512 -16.550268 -17.952276 -19.354284 -20.756548 -22.269424 -23.7823 -25.295176 -26.808052 -28.320929 -29.833805 -31.436077 -33.046516 -34.65695 -36.26739 -37.895992 -39.559376 -41.23664 -42.913902 -44.57201 -46.228962 -47.88591 -49.542862 -51.19981 -52.856762
10e32 10e32 10e32 10e32 10e32 10e32 10e32 10e32 10e32 10e32 10e32 10e32 10e32 10e32 10e32 10e32 10e32 18.594639 17.530912 16.57115 15.620066 14.669038 13.718009 12.76698 11.815052 10.862626 9.904497 8.946311 7.988104 7.0298963 6.071689 5.113482 4.155275 3.1970675 2.2282996 1.1912539 0.15420815 -0.88283753 -1.9198833 -2.956929 -3.9939747 -5.03102 -6.068066 -7.1051116 -8.142158 -9.448542 -10.85055 -12.252558 -13.654566 -15.069411 -16.582287 -18.095163 -19.60804 -21.156776 -22.767214 -24.377651 -25.98809 -27.598528 -29.197712 -30.782076 -32.394302 -34.051144 -35.70809 -37.365044 -39.02199 -40.678944 -42.335896 -43.992844
10e32 10e32 10e32 10e32 10e32 10e32 10e32 10e32 10e32 10e32 10e32 10e32 10e32 10e32 10e32 10e32 10e32 10e32 10e32 10e32 10e32 10e32 10e32 10e32 10e32 19.200478 18.24235 17.284197 16.32599 15.36778 14.409567 13.451355 12.491103 11.537907 10.58757 9.552919 8.456432 7.3600674 6.263703 5.219472 4.1824265 3.1453805 2.1083348 1.0712892 0.03424345 -1.0028023 -2.3468142 -3.7488225 -5.1508303 -6.552839 -7.954847 -9.382274 -10.89515 -12.487914 -14.0983515 -15.683721 -17.268084 -18.852448 -20.436811 -22.021175 -23.609383 -25.232725 -26.856068 -28.501125 -30.158075 -31.815027 -33.471977 -35.128925
10e32 10e32 10e32 10e32 10e32 10e32 10e32 10e32 10e32 10e32 10e32 10e32 10e32 10e32 10e32 10e32 10e32 10e32 10e32 10e32 10e32 10e32 10e32 10e32 10e32 10e32 10e32 10e32 10e32 10e32 10e32 10e32 10e32 19.88551 18.935173 17.982792 16.888634 15.791967 14.695603 13.599238 12.502874 11.406509 10.310144 9.24769 8.210645 7.173599 6.136553 4.754913 3.3529048 1.9508966 0.5488885 -0.85337985 -2.2534115 -3.7540915 -5.338455 -6.9228187 -8.507182 -10.091546 -11.675909 -13.260273 -14.844637 -16.447805 -18.071148 -19.69449 -21.317835 -22.951109 -24.608059 -26.26501
10e32 10e32 10e32 10e32 10e32 10e32 10e32 10e32 10e32 10e32 10e32 10e32 10e32 10e32 10e32 10e32 10e32 10e32 10e32 10e32 10e32 10e32 10e32 10e32 10e32 10e32 10e32 10e32 10e32 10e32 10e32 10e32 10e32 10e32 10e32 10e32 10e32 10e32 10e32 10e32 10e32 19.838396 18.742035 17.645674 16.54931 15.45295 14.356586 13.258648 11.856161 10.453536 9.050902 7.6482463 6.252227 4.8290606 3.3293643 1.8295773 0.25371954 -1.330644 -2.9150076 -4.499371 -6.083735 -7.6680984 -9.286229 -10.909572 -12.532914 -14.156257 -15.779599 -17.402943
10e32 10e32 10e32 10e32 10e32 10e32 10e32 10e32 10e32 10e32 10e32 10e32 10e32 10e32 10e32 10e32 10e32 10e32 10e32 10e32 10e32 10e32 10e32 10e32 10e32 10e32 10e32 10e32 10e32 10e32 10e32 10e32 10e32 10e32 10e32 10e32 10e32 10e32 10e32 10e32 10e32 10e32 10e32 10e32 10e32 10e32 10e32 10e32 20.357882 18.955175 17.552519 16.149862 14.757862 13.36634 11.89684 10.397129 8.897454 7.39763 5.845894 4.2615304 2.677167 1.0928032 -0.501309 -2.1246517 -3.7479942 -5.371337 -6.9946795 -8.618022
10e32 10e32 10e32 10e32 10e32 10e32 10e32 10e32 10e32 10e32 10e32 10e32 10e32 10e32 10e32 10e32 10e32 10e32 10e32 10e32 10e32 10e32 10e32 10e32 10e32 10e32 10e32 10e32 10e32 10e32 10e32 10e32 10e32 10e32 10e32 10e32 10e32 10e32 10e32 10e32 10e32 10e32 10e32 10e32 10e32 10e32 10e32 10e32 10e32 10e32 10e32 10e32 10e32 10e32 20.464396 18.964619 17.464891 15.965261 14.465462 12.965683 11.438068 9.853705 8.269341 6.6602683 5.036926 3.413583 1.7902405 0.16689786
10e32 10e32 10e32 10e32 10e32 10e32 10e32 10e32 10e32 10e32 10e32 10e32 10e32 10e32 10e32 10e32 10e32 10e32 10e32 10e32 10e32 10e32 10e32 10e32 10e32 10e32 10e32 10e32 10e32 10e32 10e32 10e32 10e32 10e32 10e32 10e32 10e32 10e32 10e32 10e32 10e32 10e32 10e32 10e32 10e32 10e32 10e32 10e32 10e32 10e32 10e32 10e32 10e32 10e32 10e32 10e32 10e32 10e32 10e32 10e32 20.033516 18.533735 17.030243 15.4451885 13.821846 12.198503 10.581018 8.97052
10e32 10e32 10e32 10e32 10e32 10e32 10e32 10e32 10e32 10e32 10e32 10e32 10e32 10e32 10e32 10e32 10e32 10e32 10e32 10e32 10e32 10e32 10e32 10e32 10e32 10e32 10e32 10e32 10e32 10e32 10e32 10e32 10e32 10e32 10e32 10e32 10e32 10e32 10e32 10e32 10e32 10e32 10e32 10e32 10e32 10e32 10e32 10e32 10e32 10e32 10e32 10e32 10e32 10e32 10e32 10e32 10e32 10e32 10e32 10e32 10e32 10e32 10e32 10e32 10e32 10e32 19.411535 17.801037
10e32 10e32 10e32 10e32 10e32 10e32 10e32 10e32 10e32 10e32 10e32 10e32 10e32 10e32 10e32 10e32 10e32 10e32 10e32 10e32 10e32 10e32 10e32 10e32 10e32 10e32 10e32 10e32 10e32 10e32 10e32 10e32 10e32 10e32 10e32 10e32 10e32 10e32 10e32 10e32 10e32 10e32 10e32 10e32 10e32 10e32 10e32 10e32 10e32 10e32 10e32 10e32 10e32 10e32 10e32 10e32 10e32 10e32 10e32 10e32 10e32 10e32 10e32 10e32 10e32 10e32 10e32 10e32
10e32 10e32 10e32 10e32 10e32 10e32 10e32 10e32 10e32 10e32 10e32 10e32 10e32 10e32 10e32 10e32 10e32 10e32 10e32 10e32 10e32 10e32 10e32 10e32 10e32 10e32 10e32 10e32 10e32 10e32 10e32 10e32 10e32 10e32 10e32 10e32 10e32 10e32 10e32 10e32 10e32 10e32 10e32 10e32 10e32 10e32 10e32 10e32 10e32 10e32 10e32 10e32 10e32 10e32 10e32 10e32 10e32 10e32 10e32 10e32 10e32 10e32 10e32 10e32 10e32 10e32 10e32 10e32
10e32 10e32 10e32 10e32 10e32 10e32 10e32 10e32 10e32 10e32 10e32 10e32 10e32 10e32 10e32 10e32 10e32 10e32 10e32 10e32 10e32 10e32 10e32 10e32 10e32 10e32 10e32 10e32 10e32 10e32 10e32 10e32 10e32 10e32 10e32 10e32 10e32 10e32 10e32 10e32 10e32 10e32 10e32 10e32 10e32 10e32 10e32 10e32 10e32 10e32 10e32 10e32 10e32 10e32 10e32 10e32 10e32 10e32 10e32 10e32 10e32 10e32 10e32 10e32 10e32 10e32 10e32 10e32
10e32 10e32 10e32 10e32 10e32 10e32 10e32 10e32 10e32 10e32 10e32 10e32 10e32 10e32 10e32 10e32 10e32 10e32 10e32 10e32 10e32 10e32 10e32 10e32 10e32 10e32 10e32 10e32 10e32 10e32 10e32 10e32 10e32 10e32 10e32 10e32 10e32 10e32 10e32 10e32 10e32 10e32 10e32 10e32 10e32 10e32 10e32 10e32 10e32 10e32 10e32 10e32 10e32 10e32 10e32 10e32 10e32 10e32 10e32 10e32 10e32 10e32 10e32 10e32 10e32 10e32 10e32 10e32
10e32 10e32 10e32 10e32 10e32 10e32 10e32 10e32 10e32 10e32 10e32 10e32 10e32 10e32 10e32 10e32 10e32 10e32 10e32 10e32 10e32 10e32 10e32 10e32 10e32 10e32 10e32 10e32 10e32 10e32 10e32 10e32 10e32 10e32 10e32 10e32 10e32 10e32 10e32 10e32 10e32 10e32 10e32 10e32 10e32 10e32 10e32 10e32 10e32 10e32 10e32 10e32 10e32 10e32 10e32 10e32 10e32 10e32 10e32 10e32 10e32 10e32 10e32 10e32 10e32 10e32 10e32 10e32
10e32 10e32 10e32 10e32 10e32 10e32 10e32 10e32 10e32 10e32 10e32 10e32 10e32 10e32 10e32 10e32 10e32 10e32 10e32 10e32 10e32 10e32 10e32 10e32 10e32 10e32 10e32 10e32 10e32 10e32 10e32 10e32 10e32 10e32 10e32 10e32 10e32 10e32 10e32 10e32 10e32 10e32 10e32 10e32 10e32 10e32 10e32 10e32 10e32 10e32 10e32 10e32 10e32 10e32 10e32 10e32 10e32 10e32 10e32 10e32 10e32 10e32 10e32 10e32 10e32 10e32 10e32 10e32
10e32 10e32 10e32 10e32 10e32 10e32 10e32 10e32 10e32 10e32 10e32 10e32 10e32 10e32 10e32 10e32 10e32 10e32 10e32 10e32 10e32 10e32 10e32 10e32 10e32 10e32 10e32 10e32 10e32 10e32 10e32 10e32 10e32 10e32 10e32 10e32 10e32 10e32 10e32 10e32 10e32 10e32 10e32 10e32 10e32 10e32 10e32 10e32 10e32 10e32 10e32 10e32 10e32 10e32 10e32 10e32 10e32 10e32 10e32 10e32 10e32 10e32 10e32 10e32 10e32 10e32 10e32 10e32
