test/UKGEOS_Glasgow/EXPORTS/ASCII(5mCell)/Faults/Fault_f23_50m_GGERFS_Predrill(5m).asc
ncols 241
nrows 144
xllcenter 263797.75
yllcenter 661348.94
cellsize 5.0
nodata_value 10e32
[rows 78 to 103 of 144, columns 177 to 235 of 241]
-355.74683 -357.07416 -358.40146 -359.7288 -361.0561 -362.38342 -363.71072 -365.03802 -366.36536 -367.6069 -368.6992 -369.7915 -370.8838 -371.9761 -373.0684 -374.1607 -375.25302 -376.33838 -377.37448 -378.41055 -379.44666 -380.48273 -381.58154 -382.77515 -383.96063 -384.84354 -385.7264 -386.6093 -387.4922 -388.3751 -389.25797 -390.14087 -391.02374 -391.90665 -392.78952 -393.67242 -394.5553 -395.4382 -396.32108 -397.20398 -398.00467 -398.7935 -399.5823 -400.37112 -401.15994 -401.78845 -402.40173 -403.015 -403.6283 -404.24158 -404.85486 -405.46814 -406.08142 -406.69473 -407.2943 -407.76865 -408.243 -408.71735 -409.1917
-351.8244 -353.1517 -354.479 -355.80634 -357.13364 -358.46097 -359.78827 -361.1156 -362.4429 -363.7702 -364.87894 -365.97122 -367.06354 -368.15582 -369.24814 -370.34045 -371.43274 -372.52505 -373.61734 -374.70966 -375.7876 -376.82367 -377.85977 -379.01102 -380.0605 -380.94336 -381.82626 -382.70914 -383.59204 -384.4749 -385.35782 -386.2407 -387.1236 -388.00647 -388.88937 -389.77225 -390.65515 -391.53802 -392.42093 -393.3038 -394.1867 -394.97614 -395.76495 -396.55377 -397.29782 -397.9111 -398.52438 -399.13766 -399.75095 -400.36423 -400.9775 -401.5908 -402.08484 -402.5592 -403.03354 -403.5079 -403.98224 -404.4566 -404.93097
-347.90195 -349.22925 -350.55658 -351.88388 -353.2112 -354.5385 -355.8658 -357.19315 -358.52045 -359.84778 -361.05865 -362.15097 -363.24326 -364.33557 -365.4279 -366.52017 -367.6125 -368.70477 -369.7971 -370.88937 -371.9817 -373.074 -374.1663 -375.24692 -376.16034 -377.0432 -377.92612 -378.809 -379.6919 -380.57477 -381.45767 -382.34055 -383.22345 -384.10632 -384.98923 -385.8721 -386.755 -387.63788 -388.52078 -389.40366 -390.28656 -391.15875 -391.9476 -392.73642 -393.42044 -394.03372 -394.647 -395.26028 -395.87357 -396.40103 -396.87537 -397.34973 -397.8241 -398.29843 -398.7728 -399.24713 -399.7215 -400.19586 -400.6702
-343.9795 -345.3068 -346.63412 -347.96143 -349.28876 -350.61606 -351.9434 -353.2707 -354.598 -355.92532 -357.2384 -358.3307 -359.423 -360.51532 -361.6076 -362.69992 -363.7922 -364.88452 -365.9768 -367.06912 -368.16144 -369.25372 -370.30566 -371.3431 -372.29483 -373.17328 -374.05173 -374.93018 -375.80862 -376.68707 -377.56552 -378.44397 -379.32327 -380.20618 -381.08905 -381.97195 -382.85483 -383.73773 -384.6206 -385.5035 -386.38638 -387.2693 -388.13022 -388.91904 -389.5431 -390.15637 -390.71722 -391.19156 -391.66592 -392.14026 -392.61462 -393.089 -393.56332 -394.0377 -394.51202 -394.9864 -395.46075 -395.9351 -396.40945
-340.05292 -341.383 -342.71167 -344.03897 -345.3663 -346.6936 -348.02094 -349.34824 -350.67557 -352.00287 -353.33017 -354.51044 -355.60275 -356.69504 -357.78735 -358.87964 -359.97195 -361.06424 -362.15656 -363.24887 -364.29666 -365.3341 -366.37155 -367.409 -368.44034 -369.3188 -370.19724 -371.07568 -371.95413 -372.83258 -373.71103 -374.58948 -375.46793 -376.34637 -377.22482 -378.10327 -378.98172 -379.86017 -380.73862 -381.61707 -382.4955 -383.37396 -384.2524 -385.0334 -385.50775 -385.98212 -386.45645 -386.93082 -387.40515 -387.87952 -388.35388 -388.82822 -389.30258 -389.77692 -390.25128 -390.72565 -391.19998 -391.67435 -392.14868
-336.12222 -337.4523 -338.7824 -340.1125 -341.4426 -342.77115 -344.09848 -345.42578 -346.7531 -348.0804 -349.40775 -350.6902 -351.78247 -352.8748 -353.96707 -355.0594 -356.1517 -357.244 -358.2877 -359.32513 -360.36258 -361.40002 -362.43747 -363.4749 -364.51236 -365.46432 -366.34277 -367.22122 -368.09967 -368.97812 -369.85654 -370.735 -371.61343 -372.49188 -373.37033 -374.24878 -375.12723 -376.00568 -376.88412 -377.76257 -378.64102 -379.51947 -380.26587 -380.89984 -381.40894 -381.87183 -382.33472 -382.7976 -383.2605 -383.7234 -384.18628 -384.64917 -385.11206 -385.57495 -386.03784 -386.50073 -386.96362 -387.4265 -387.8894
-332.1915 -333.5216 -334.8517 -336.1818 -337.5119 -338.84198 -340.1721 -341.50217 -342.83066 -344.15796 -345.4853 -346.8126 -347.96222 -349.0545 -350.14682 -351.23914 -352.27872 -353.31616 -354.3536 -355.39102 -356.42847 -357.4659 -358.50336 -359.5408 -360.57825 -361.60983 -362.48828 -363.36673 -364.24518 -365.12363 -366.00208 -366.88052 -367.75897 -368.63742 -369.51587 -370.39432 -371.27277 -372.1512 -373.02966 -373.90808 -374.78653 -375.4553 -376.08926 -376.72324 -377.3362 -377.7991 -378.262 -378.72488 -379.18777 -379.65067 -380.11356 -380.57645 -381.03934 -381.50223 -381.96512 -382.428 -382.8909 -383.3538 -383.81668
-328.2608 -329.5909 -330.921 -332.2511 -333.5812 -334.9113 -336.2414 -337.57147 -338.90158 -340.23166 -341.56177 -342.89014 -344.14194 -345.23227 -346.2697 -347.30716 -348.3446 -349.38205 -350.4195 -351.45694 -352.4944 -353.53183 -354.56927 -355.60672 -356.64417 -357.6816 -358.6338 -359.51224 -360.3907 -361.26913 -362.14758 -363.02603 -363.90448 -364.78293 -365.66138 -366.53983 -367.41827 -368.29672 -369.17517 -370.01077 -370.64474 -371.27872 -371.91266 -372.54663 -373.1806 -373.72635 -374.18924 -374.65213 -375.11502 -375.5779 -376.0408 -376.5037 -376.96658 -377.42947 -377.89236 -378.35526 -378.81815 -379.28104 -379.74393
-324.3301 -325.66022 -326.9903 -328.3204 -329.65048 -330.9806 -332.3107 -333.64078 -334.9709 -336.30096 -337.63107 -338.93887 -340.2055 -341.29413 -342.33563 -343.37308 -344.41052 -345.44797 -346.4854 -347.52283 -348.56027 -349.59772 -350.63516 -351.6726 -352.71005 -353.7475 -354.7793 -355.65775 -356.5362 -357.41464 -358.2931 -359.17154 -360.05 -360.92844 -361.8069 -362.68533 -363.56378 -364.44223 -365.20023 -365.83417 -366.46814 -367.1021 -367.73608 -368.37003 -369.004 -369.63797 -370.11652 -370.5794 -371.0423 -371.5052 -371.96808 -372.43097 -372.89386 -373.35675 -373.81964 -374.28253 -374.74542 -375.2083 -375.6712
-320.3994 -321.72952 -323.0596 -324.3897 -325.7198 -327.0499 -328.37997 -329.70706 -331.007 -332.30695 -333.60687 -334.90683 -336.1361 -337.2825 -338.35068 -339.41888 -340.4764 -341.51385 -342.5513 -343.58875 -344.6262 -345.66364 -346.70108 -347.73853 -348.77597 -349.81342 -350.85086 -351.80325 -352.6817 -353.56015 -354.4386 -355.31705 -356.1955 -357.07394 -357.9524 -358.83084 -359.7093 -360.38965 -361.02362 -361.6576 -362.29153 -362.9255 -363.55948 -364.19345 -364.8274 -365.46136 -366.0438 -366.50668 -366.96957 -367.43246 -367.89536 -368.35825 -368.82114 -369.28403 -369.74692 -370.2098 -370.6727 -371.1356 -371.5156
-316.46872 -317.7988 -319.1289 -320.459 -321.77515 -323.0751 -324.37503 -325.675 -326.9749 -328.27487 -329.5748 -330.87476 -332.06668 -333.21356 -334.33908 -335.40726 -336.47543 -337.5436 -338.6118 -339.65466 -340.69208 -341.72952 -342.76697 -343.8044 -344.84186 -345.8793 -346.91675 -347.94876 -348.8272 -349.70566 -350.5841 -351.46255 -352.341 -353.21945 -354.0979 -354.94513 -355.5791 -356.21304 -356.84702 -357.481 -358.11496 -358.7489 -359.38287 -360.01685 -360.65082 -361.28476 -361.91873 -362.43393 -362.89682 -363.3597 -363.8226 -364.2855 -364.74838 -365.21127 -365.67416 -366.13705 -366.5956 -366.86307 -367.1305
-312.53802 -313.84326 -315.1432 -316.44315 -317.74307 -319.04303 -320.34296 -321.6429 -322.94284 -324.2428 -325.54276 -326.84268 -327.99725 -329.14417 -330.29105 -331.39563 -332.4638 -333.532 -334.6002 -335.66837 -336.73654 -337.79544 -338.8329 -339.87033 -340.90778 -341.94522 -342.98267 -344.0201 -344.97275 -345.8512 -346.7296 -347.60806 -348.4865 -349.36496 -350.13458 -350.76852 -351.4025 -352.03647 -352.6704 -353.30438 -353.93835 -354.57233 -355.20627 -355.84024 -356.4742 -357.1082 -357.74213 -358.3612 -358.8241 -359.287 -359.74988 -360.21277 -360.67566 -361.13855 -361.60144 -361.94308 -362.21054 -362.47797 -362.74542
-308.51126 -309.8112 -311.11115 -312.41107 -313.71103 -315.01096 -316.3109 -317.61084 -318.9108 -320.21072 -321.51068 -322.78094 -323.92786 -325.07474 -326.22162 -327.36853 -328.4522 -329.5204 -330.58856 -331.65674 -332.7249 -333.7931 -334.86127 -335.92947 -336.97366 -338.0111 -339.04855 -340.086 -341.11826 -341.9967 -342.87515 -343.7536 -344.63205 -345.324 -345.95798 -346.59195 -347.2259 -347.85986 -348.49384 -349.12778 -349.76175 -350.39572 -351.0297 -351.66364 -352.2976 -352.93158 -353.56552 -354.1995 -354.75134 -355.21423 -355.67712 -356.14 -356.6029 -357.0231 -357.29056 -357.558 -357.82544 -358.0929 -358.36032
-304.4792 -305.7791 -307.07907 -308.379 -309.67896 -310.97888 -312.27884 -313.57877 -314.87872 -316.17865 -317.4786 -318.71155 -319.85843 -321.00534 -322.15222 -323.2991 -324.44058 -325.50876 -326.57693 -327.6451 -328.71332 -329.7815 -330.84967 -331.91785 -332.98602 -334.0542 -335.11447 -336.15192 -337.18936 -338.1422 -339.02066 -339.8795 -340.51346 -341.1474 -341.78137 -342.41534 -343.0493 -343.68326 -344.31723 -344.9512 -345.58514 -346.21912 -346.8531 -347.48706 -348.121 -348.75497 -349.38895 -350.0229 -350.65686 -351.1415 -351.6044 -352.0673 -352.37057 -352.63803 -352.9055 -353.1729 -353.44037 -353.7078 -353.97525
-300.41528 -301.74414 -303.047 -304.34695 -305.64688 -306.94684 -308.24677 -309.54672 -310.84665 -312.1466 -313.44653 -314.64212 -315.78903 -316.9359 -318.0828 -319.2297 -320.3766 -321.49716 -322.56534 -323.6335 -324.7017 -325.76987 -326.83804 -327.90622 -328.9744 -330.0426 -331.11078 -332.17896 -333.24713 -334.28772 -335.0689 -335.70288 -336.33685 -336.97083 -337.60477 -338.23874 -338.8727 -339.50665 -340.14062 -340.7746 -341.40857 -342.0425 -342.67648 -343.31046 -343.94443 -344.57837 -345.21234 -345.8463 -346.48026 -347.06876 -347.45062 -347.71805 -347.9855 -348.25293 -348.5204 -348.78784 -349.05527 -349.32272 -349.59015
-296.32162 -297.6505 -298.97937 -300.30826 -301.6148 -302.91476 -304.2147 -305.51465 -306.81458 -308.11453 -309.41446 -310.57272 -311.7196 -312.8665 -314.0134 -315.16028 -316.30716 -317.45407 -318.5537 -319.6219 -320.69006 -321.75824 -322.82645 -323.89462 -324.9628 -326.03098 -327.09915 -328.16733 -329.2355 -329.8577 -330.84122 -331.48694 -332.12103 -332.7551 -333.3892 -334.02325 -334.65735 -335.2914 -335.9255 -336.55957 -337.19366 -337.82773 -338.46182 -339.0959 -339.72998 -340.36404 -340.99814 -341.6322 -342.2663 -342.69144 -343.20987 -343.48328 -343.75668 -344.03006 -344.30347 -344.57687 -344.85028 -345.1237 -345.3971
-292.228 -293.55685 -294.88574 -296.21463 -297.5435 -298.87238 -300.18262 -301.48257 -302.7825 -304.08246 -305.3564 -306.5033 -307.65018 -308.7971 -309.94397 -311.09085 -312.23776 -313.38464 -314.53152 -315.6103 -316.67847 -317.74664 -318.81482 -319.883 -320.95117 -322.01935 -323.08752 -323.87845 -324.46738 -325.0563 -326.05457 -327.0928 -327.88373 -328.5178 -329.1519 -329.78595 -330.42004 -331.0541 -331.6882 -332.32227 -332.95636 -333.59042 -334.22452 -334.85858 -335.49268 -336.12674 -336.76083 -337.3949 -337.85526 -338.13217 -338.61966 -339.3228 -339.59665 -339.87003 -340.14343 -340.41684 -340.69025 -340.96365 -341.23706
-288.13434 -289.46323 -290.79208 -292.12097 -293.44986 -294.77872 -296.1076 -297.43646 -298.75046 -300.05038 -301.287 -302.4339 -303.58078 -304.72766 -305.87457 -307.02145 -308.16833 -309.31522 -310.46213 -311.59866 -312.66684 -313.73502 -314.8032 -315.87137 -316.93958 -317.8992 -318.48813 -319.07706 -319.666 -320.2549 -321.2679 -322.30615 -323.34436 -324.2805 -324.91458 -325.54865 -326.18274 -326.8168 -327.4509 -328.08496 -328.71906 -329.35312 -329.9872 -330.62128 -331.25537 -331.88943 -332.52353 -333.0191 -333.29602 -333.57294 -333.9185 -334.62164 -335.3248 -335.71 -335.9834 -336.2568 -336.5302 -336.80362 -337.07703
-284.0407 -285.36957 -286.69846 -288.0273 -289.3562 -290.6851 -292.01395 -293.34283 -294.6717 -296.00058 -297.19907 -298.36447 -299.51135 -300.65826 -301.80515 -302.95203 -304.09894 -305.24582 -306.3927 -307.5396 -308.6552 -309.72342 -310.7916 -311.85977 -312.50885 -313.09778 -313.6867 -314.27563 -314.8646 -315.45352 -316.48126 -317.5195 -318.5577 -319.59595 -320.6342 -321.31137 -321.94543 -322.57953 -323.2136 -323.84766 -324.48175 -325.1158 -325.7499 -326.38397 -327.01807 -327.65213 -328.18292 -328.45984 -328.73676 -329.01367 -329.2906 -329.92047 -330.62363 -331.32678 -331.82336 -332.09677 -332.37018 -332.6436 -332.917
-279.94705 -281.27594 -282.6048 -283.9337 -285.26257 -286.59143 -287.92032 -289.24918 -290.43314 -291.30307 -292.40683 -293.65546 -294.90408 -296.15268 -297.4013 -298.64993 -299.89856 -301.1472 -302.3233 -303.47018 -304.61707 -305.7118 -306.5296 -307.11853 -307.70746 -308.2964 -308.8853 -309.47424 -310.06317 -310.65637 -311.6946 -312.73282 -313.77106 -314.8093 -315.84753 -316.88577 -317.70813 -318.34222 -318.9763 -319.61038 -320.24445 -320.87854 -321.5126 -322.1467 -322.78076 -323.34674 -323.62366 -323.90057 -324.1775 -324.4544 -324.73132 -325.2193 -325.92245 -326.6256 -327.32877 -327.93674 -328.21014 -328.48355 -328.75696
-275.85342 -277.18228 -278.51117 -279.84003 -281.1689 -282.4978 -283.82666 -284.7752 -285.64514 -286.51508 -287.61456 -288.8632 -290.11182 -291.36044 -292.60907 -293.8577 -295.1063 -296.35492 -297.60355 -298.85217 -300.1008 -300.96222 -301.7282 -302.31714 -302.90607 -303.495 -304.08392 -304.67285 -305.26178 -305.86972 -306.90796 -307.94617 -308.9844 -310.02264 -311.06088 -312.0991 -313.13733 -314.10492 -314.73898 -315.37308 -316.00714 -316.64124 -317.2753 -317.9094 -318.5106 -318.7875 -319.06442 -319.34134 -319.61826 -319.89517 -320.1721 -320.5181 -321.22125 -321.9244 -322.62756 -323.33075 -324.0339 -324.32352 -324.59692
-271.75977 -273.08865 -274.4175 -275.7464 -277.07526 -278.24734 -279.11728 -279.9872 -280.85715 -281.72708 -282.82233 -284.07095 -285.31955 -286.56818 -287.8168 -289.06543 -290.31406 -291.56268 -292.8113 -293.97733 -294.70877 -295.5194 -296.6136 -297.51572 -298.10464 -298.6936 -299.28253 -299.87146 -300.4604 -301.08307 -302.12128 -303.15952 -304.19775 -305.236 -306.2742 -307.31244 -308.35068 -309.38892 -310.42715 -311.13577 -311.76984 -312.40393 -313.038 -313.6721 -313.95132 -314.22824 -314.50516 -314.78207 -315.059 -315.3359 -315.61282 -315.88974 -316.52008 -317.22324 -317.9264 -318.62955 -319.3327 -320.03586 -320.4369
-267.66614 -268.995 -270.32388 -271.65274 -272.58942 -273.45935 -274.32928 -275.19922 -276.06915 -276.9391 -278.03006 -279.2787 -280.5273 -281.77594 -283.02457 -284.27316 -285.5218 -286.77042 -287.82526 -288.5567 -289.28815 -290.07663 -291.1708 -292.26495 -293.30325 -293.89218 -294.4811 -295.07004 -295.65897 -296.29642 -297.33463 -298.37286 -299.4111 -300.44934 -301.48755 -302.5258 -303.56403 -304.60226 -305.64047 -306.6787 -307.53253 -308.16663 -308.8007 -309.11514 -309.39206 -309.66898 -309.9459 -310.2228 -310.49976 -310.77667 -311.0536 -311.3305 -311.8189 -312.52206 -313.22522 -313.92838 -314.63153 -315.3347 -316.03784
-263.57248 -264.90137 -266.06158 -266.9315 -267.80142 -268.67136 -269.5413 -270.41122 -271.28116 -272.1511 -273.23782 -274.48642 -275.73505 -276.98367 -278.2323 -279.48093 -280.72955 -281.6732 -282.40463 -283.13608 -283.86752 -284.63382 -285.728 -286.82217 -287.91635 -289.0105 -289.67972 -290.26865 -290.85757 -291.50974 -292.54797 -293.5862 -294.62445 -295.66266 -296.7009 -297.73914 -298.77737 -299.8156 -300.85382 -301.89206 -302.9303 -303.92932 -304.279 -304.5559 -304.83282 -305.10974 -305.38666 -305.66357 -305.9405 -306.2174 -306.49432 -306.77124 -307.11774 -307.8209 -308.52405 -309.2272 -309.93036 -310.6335 -311.33667
-259.47882 -260.40366 -261.2736 -262.14352 -263.01343 -263.88336 -264.7533 -265.62323 -266.49316 -267.3631 -268.44556 -269.69418 -270.9428 -272.19144 -273.44003 -274.68866 -275.5211 -276.25253 -276.984 -277.71545 -278.4469 -279.19104 -280.28522 -281.37936 -282.47354 -283.56772 -284.6619 -285.46725 -286.05618 -286.72308 -287.76132 -288.79956 -289.8378 -290.876 -291.91425 -292.95248 -293.99072 -295.02893 -295.90594 -296.75656 -297.60718 -298.4578 -299.2066 -299.84543 -300.27356 -300.55048 -300.8274 -301.1043 -301.38123 -301.65814 -301.93506 -302.21198 -302.4889 -303.11972 -303.82288 -304.52603 -305.2292 -305.93234 -306.6355
-254.74571 -255.61565 -256.4856 -257.35553 -258.22543 -259.09537 -259.9653 -260.83524 -261.70517 -262.5751 -263.65332 -264.90192 -266.15054 -267.39917 -268.63757 -269.36902 -270.10046 -270.8319 -271.56335 -272.29483 -273.02628 -273.75772 -274.8424 -275.93658 -277.03076 -278.12494 -279.2191 -280.31326 -281.2548 -281.93643 -282.97467 -284.0129 -285.05112 -286.01294 -286.86356 -287.71417 -288.5648 -289.4154 -290.266 -291.1166 -291.96722 -292.81784 -293.66846 -294.3119 -294.9507 -295.58954 -296.22836 -296.54507 -296.822 -297.0989 -297.37582 -297.65274 -297.92966 -298.41852 -299.12167 -299.82483 -300.528 -301.23117 -301.93433
