test/UKGEOS_Glasgow/EXPORTS/ASCII(5mCell)/Faults/Fault_f6_50m_GGERFS_Predrill(5m).asc
ncols 323
nrows 52
xllcenter 261272.53
yllcenter 663796.06
cellsize 5.0
nodata_value 10e32
[rows 0 to 27 of 52, columns 186 to 247 of 323]
10e32 10e32 10e32 10e32 10e32 10e32 10e32 10e32 10e32 10e32 10e32 10e32 10e32 10e32 10e32 10e32 10e32 10e32 10e32 10e32 10e32 10e32 10e32 10e32 10e32 10e32 10e32 10e32 10e32 10e32 10e32 10e32 10e32 10e32 10e32 10e32 10e32 10e32 10e32 10e32 10e32 10e32 10e32 10e32 10e32 10e32 10e32 10e32 10e32 10e32 10e32 10e32 10e32 10e32 10e32 10e32 10e32 10e32 10e32 10e32 10e32 10e32
10e32 10e32 10e32 10e32 10e32 10e32 10e32 10e32 10e32 10e32 10e32 10e32 10e32 10e32 10e32 10e32 10e32 10e32 10e32 10e32 10e32 10e32 10e32 10e32 10e32 10e32 10e32 10e32 10e32 10e32 10e32 10e32 10e32 10e32 10e32 10e32 10e32 10e32 10e32 10e32 10e32 10e32 10e32 10e32 10e32 10e32 10e32 10e32 10e32 10e32 10e32 10e32 10e32 10e32 10e32 10e32 10e32 10e32 10e32 10e32 10e32 10e32
10e32 10e32 10e32 10e32 10e32 10e32 10e32 10e32 10e32 10e32 10e32 10e32 10e32 10e32 10e32 10e32 10e32 10e32 10e32 10e32 10e32 10e32 10e32 10e32 10e32 10e32 10e32 10e32 10e32 10e32 10e32 10e32 10e32 10e32 10e32 10e32 10e32 10e32 10e32 10e32 10e32 10e32 10e32 10e32 10e32 10e32 10e32 10e32 10e32 10e32 10e32 10e32 10e32 10e32 10e32 10e32 10e32 10e32 10e32 10e32 10e32 10e32
10e32 10e32 10e32 10e32 10e32 10e32 10e32 10e32 10e32 10e32 10e32 10e32 10e32 10e32 10e32 10e32 10e32 10e32 10e32 10e32 10e32 10e32 10e32 10e32 10e32 10e32 10e32 10e32 10e32 10e32 10e32 10e32 10e32 10e32 10e32 10e32 10e32 10e32 10e32 10e32 10e32 10e32 10e32 10e32 10e32 10e32 10e32 10e32 10e32 10e32 10e32 10e32 10e32 10e32 10e32 10e32 10e32 10e32 10e32 10e32 10e32 10e32
10e32 10e32 10e32 10e32 10e32 10e32 10e32 10e32 10e32 10e32 10e32 10e32 10e32 10e32 10e32 10e32 10e32 10e32 10e32 10e32 10e32 10e32 10e32 10e32 10e32 10e32 10e32 10e32 10e32 10e32 10e32 10e32 10e32 10e32 10e32 10e32 10e32 10e32 10e32 10e32 10e32 10e32 10e32 10e32 10e32 10e32 10e32 10e32 10e32 10e32 10e32 10e32 10e32 10e32 10e32 10e32 10e32 10e32 10e32 10e32 10e32 10e32
10e32 10e32 10e32 10e32 10e32 10e32 10e32 10e32 10e32 10e32 10e32 10e32 10e32 10e32 10e32 10e32 10e32 10e32 10e32 10e32 10e32 10e32 10e32 10e32 10e32 10e32 10e32 10e32 10e32 10e32 10e32 10e32 10e32 10e32 10e32 10e32 10e32 10e32 10e32 10e32 10e32 10e32 10e32 10e32 10e32 10e32 10e32 10e32 10e32 10e32 10e32 10e32 10e32 10e32 10e32 10e32 10e32 10e32 10e32 10e32 10e32 10e32
10e32 10e32 10e32 10e32 10e32 10e32 10e32 10e32 10e32 10e32 10e32 10e32 10e32 10e32 10e32 10e32 10e32 10e32 10e32 10e32 10e32 10e32 10e32 10e32 10e32 10e32 10e32 10e32 10e32 10e32 10e32 10e32 10e32 10e32 10e32 10e32 10e32 10e32 10e32 10e32 10e32 10e32 10e32 10e32 10e32 10e32 10e32 10e32 10e32 10e32 10e32 10e32 10e32 10e32 10e32 10e32 -123.80406 -123.17981 -122.55349 -121.92717 -121.30084 -120.67452
10e32 10e32 10e32 10e32 10e32 10e32 10e32 10e32 10e32 10e32 10e32 10e32 10e32 10e32 10e32 10e32 10e32 10e32 10e32 10e32 10e32 10e32 10e32 10e32 10e32 10e32 10e32 10e32 10e32 10e32 10e32 10e32 10e32 10e32 10e32 10e32 10e32 10e32 10e32 10e32 10e32 10e32 10e32 10e32 10e32 10e32 10e32 10e32 10e32 10e32 -122.50632 -121.89297 -121.279625 -120.66628 -120.05294 -119.4396 -118.82625 -118.20556 -117.57924 -116.95292 -116.32659 -115.70027
10e32 10e32 10e32 10e32 10e32 10e32 10e32 10e32 10e32 10e32 10e32 10e32 10e32 10e32 10e32 10e32 10e32 10e32 10e32 10e32 10e32 10e32 10e32 10e32 10e32 10e32 10e32 10e32 10e32 10e32 10e32 10e32 10e32 10e32 10e32 10e32 10e32 10e32 10e32 10e32 10e32 10e32 10e32 10e32 -121.19889 -120.59522 -119.98188 -119.36854 -118.755196 -118.14185 -117.5285 -116.91516 -116.30182 -115.68848 -115.075134 -114.461784 -113.84844 -113.23131 -112.60499 -111.97867 -111.35234 -110.72602
10e32 10e32 10e32 10e32 10e32 10e32 10e32 10e32 10e32 10e32 10e32 10e32 10e32 10e32 10e32 10e32 10e32 10e32 10e32 10e32 10e32 10e32 10e32 10e32 10e32 10e32 10e32 10e32 10e32 10e32 10e32 10e32 10e32 10e32 10e32 10e32 10e32 -119.321976 -118.85951 -118.39704 -117.93457 -117.47211 -117.009636 -116.547165 -116.0847 -115.54381 -115.00007 -114.39073 -113.77738 -113.16404 -112.5507 -111.937355 -111.32401 -110.71066 -110.09732 -109.48398 -108.870636 -108.25706 -107.63074 -107.00441 -106.37809 -105.75177
10e32 10e32 10e32 10e32 10e32 10e32 10e32 10e32 10e32 10e32 10e32 10e32 10e32 10e32 10e32 10e32 10e32 10e32 10e32 10e32 10e32 10e32 10e32 10e32 10e32 10e32 10e32 10e32 10e32 10e32 -116.88277 -116.56858 -116.254395 -115.94021 -115.57994 -115.13273 -114.67026 -114.20779 -113.74532 -113.28285 -112.82038 -112.35792 -111.89545 -111.432976 -110.97051 -110.431915 -109.888176 -109.344444 -108.799576 -108.18623 -107.57289 -106.95955 -106.3462 -105.73286 -105.119514 -104.50617 -103.89283 -103.27948 -102.65649 -102.03016 -101.40384 -100.77752
10e32 10e32 10e32 10e32 10e32 10e32 10e32 10e32 10e32 10e32 10e32 10e32 10e32 10e32 10e32 10e32 10e32 10e32 10e32 10e32 10e32 10e32 -114.111336 -113.908394 -113.70545 -113.45303 -113.13885 -112.82466 -112.510475 -112.19629 -111.8821 -111.56792 -111.25373 -110.8955 -110.44832 -110.00114 -109.553955 -109.0936 -108.631134 -108.16866 -107.70619 -107.24373 -106.78126 -106.31879 -105.85632 -105.32002 -104.77628 -104.23255 -103.68881 -103.14508 -102.595085 -101.981735 -101.36839 -100.75505 -100.14171 -99.528366 -98.915016 -98.301674 -97.68223 -97.05591 -96.42959 -95.80327
10e32 10e32 10e32 10e32 10e32 10e32 10e32 10e32 10e32 10e32 10e32 10e32 10e32 10e32 -110.728485 -110.525536 -110.32259 -110.11965 -109.9167 -109.71376 -109.51081 -109.30787 -109.10493 -108.90198 -108.699036 -108.45238 -108.13819 -107.824005 -107.50982 -107.19563 -106.88145 -106.56726 -106.21106 -105.76388 -105.316696 -104.869514 -104.42233 -103.97515 -103.516945 -103.054474 -102.592 -102.12954 -101.66707 -101.2046 -100.742134 -100.20813 -99.66439 -99.12066 -98.57693 -98.03319 -97.489456 -96.94572 -96.39059 -95.777245 -95.163895 -94.55055 -93.93721 -93.32387 -92.70798 -92.08166 -91.45534 -90.82902
10e32 10e32 10e32 10e32 10e32 10e32 -107.17547 -107.031624 -106.88778 -106.743935 -106.60009 -106.36722 -106.12952 -105.92501 -105.72207 -105.51913 -105.31618 -105.113235 -104.91029 -104.707344 -104.5044 -104.30145 -104.09851 -103.89557 -103.69262 -103.45171 -103.13753 -102.82334 -102.509155 -102.19497 -101.88078 -101.52663 -101.079445 -100.632256 -100.185074 -99.73789 -99.29071 -98.84353 -98.39635 -97.940285 -97.47781 -97.01534 -96.55288 -96.09041 -95.62794 -95.09624 -94.5525 -94.008766 -93.465034 -92.921295 -92.37756 -91.833824 -91.29009 -90.74635 -90.18609 -89.57275 -88.959404 -88.34606 -87.73271 -87.10741 -86.48109 -85.8512
-103.19962 -103.05578 -102.911934 -102.76809 -102.62424 -102.48039 -102.33655 -102.1927 -102.04886 -101.905014 -101.695305 -101.44296 -101.20012 -100.96242 -100.72472 -100.51271 -100.30977 -100.10682 -99.90388 -99.70093 -99.497986 -99.295044 -99.092094 -98.88915 -98.68621 -98.45105 -98.13686 -97.82268 -97.50849 -97.194305 -96.842186 -96.395004 -95.94782 -95.50064 -95.05346 -94.60627 -94.15909 -93.71191 -93.264725 -92.81754 -92.363625 -91.90115 -91.43869 -90.97622 -90.51375 -89.984344 -89.440605 -88.89687 -88.35314 -87.8094 -87.26567 -86.72193 -86.1782 -85.63447 -85.09073 -84.547 -83.9816 -83.36825 -82.754906 -82.133156 -81.506836 -80.84386
-98.3607 -98.21686 -98.07301 -97.92917 -97.78532 -97.64147 -97.49763 -97.35378 -97.20994 -97.024506 -96.77216 -96.51982 -96.27071 -96.03301 -95.79531 -95.55761 -95.319916 -95.10041 -94.89746 -94.69452 -94.49157 -94.28863 -94.085686 -93.88274 -93.679794 -93.450386 -93.1362 -92.822014 -92.50783 -92.157745 -91.71056 -91.26338 -90.8162 -90.36902 -89.92184 -89.474655 -89.02747 -88.58029 -88.1331 -87.68592 -87.23874 -86.786964 -86.3245 -85.86203 -85.39956 -84.87245 -84.32871 -83.78498 -83.24125 -82.69751 -82.15378 -81.61004 -81.06631 -80.522575 -79.978836 -79.435104 -78.891365 -78.34763 -77.7771 -77.158905 -76.50364 -75.836525
-93.52178 -93.37794 -93.23409 -93.09024 -92.946396 -92.80255 -92.65871 -92.51486 -92.35371 -92.101364 -91.84903 -91.59669 -91.344345 -91.103615 -90.86591 -90.62821 -90.39051 -90.15281 -89.91511 -89.6881 -89.48516 -89.28221 -89.07927 -88.87633 -88.67338 -88.44973 -88.135544 -87.82136 -87.473305 -87.02612 -86.57894 -86.13176 -85.68458 -85.2374 -84.790215 -84.34303 -83.89585 -83.44867 -83.00149 -82.554306 -82.107124 -81.659935 -81.21031 -80.74784 -80.28537 -79.76056 -79.21682 -78.67309 -78.12936 -77.58562 -77.041885 -76.498146 -75.954414 -75.41068 -74.86694 -74.32321 -73.77947 -73.22969 -72.6716 -72.084145 -71.45219 -70.82024
-88.68286 -88.53902 -88.395164 -88.25132 -88.107475 -87.96363 -87.819786 -87.67594 -87.43057 -87.17823 -86.92589 -86.673546 -86.42121 -86.17422 -85.936516 -85.698814 -85.46111 -85.22341 -84.98571 -84.74801 -84.51031 -84.2758 -84.07285 -83.86991 -83.66697 -83.449066 -83.13488 -82.78887 -82.34168 -81.8945 -81.44732 -81.00014 -80.552956 -80.105774 -79.65859 -79.21141 -78.76423 -78.31705 -77.869865 -77.42268 -76.9755 -76.52832 -76.08114 -75.63365 -75.17118 -74.64867 -74.10493 -73.561195 -73.01746 -72.473724 -71.92999 -71.384384 -70.826294 -70.268196 -69.710106 -69.15201 -68.59392 -68.03583 -67.47773 -66.85383 -66.22187 -65.58992
-83.75279 -83.70009 -83.556244 -83.4124 -83.268555 -83.12471 -82.980865 -82.75977 -82.50743 -82.25509 -82.002754 -81.75041 -81.49807 -81.24573 -81.00712 -80.76942 -80.531715 -80.294014 -80.05631 -79.81861 -79.58091 -79.34321 -79.10551 -78.867805 -78.66055 -78.4484 -78.10443 -77.65725 -77.21007 -76.762886 -76.315704 -75.868515 -75.42133 -74.97415 -74.52697 -74.07979 -73.63261 -73.185425 -72.73824 -72.29106 -71.84388 -71.3967 -70.94952 -70.502335 -70.05515 -69.53677 -68.98099 -68.42289 -67.8648 -67.3067 -66.74861 -66.19052 -65.63242 -65.07433 -64.516235 -63.958145 -63.40005 -62.841957 -62.255466 -61.623512 -60.991558 -60.359604
-78.68134 -78.795906 -78.71732 -78.57348 -78.429634 -78.28579 -78.088974 -77.83663 -77.5843 -77.331955 -77.07961 -76.82727 -76.57493 -76.32259 -76.07771 -75.84001 -75.60231 -75.36462 -75.126915 -74.88921 -74.65151 -74.41381 -74.17611 -73.93841 -73.70071 -73.41302 -72.97946 -72.533394 -72.08733 -71.64127 -71.19521 -70.74915 -70.303085 -69.857025 -69.410965 -68.964905 -68.518845 -68.07278 -67.62672 -67.18066 -66.7346 -66.28853 -65.84247 -65.38032 -64.87048 -64.336044 -63.787117 -63.229023 -62.67093 -62.112835 -61.554745 -60.99665 -60.438557 -59.880463 -59.32237 -58.764275 -58.20618 -57.648087 -57.02515 -56.393196 -55.761242 -55.129288
-73.609886 -73.72446 -73.83902 -73.73456 -73.59071 -73.418175 -73.16584 -72.9135 -72.661156 -72.40881 -72.15647 -71.90414 -71.651794 -71.39945 -71.148315 -70.910614 -70.67291 -70.43521 -70.19751 -69.95981 -69.72211 -69.48441 -69.24671 -68.976944 -68.60058 -68.22422 -67.847855 -67.433784 -66.987724 -66.54166 -66.0956 -65.649536 -65.203476 -64.757416 -64.31135 -63.865288 -63.419228 -62.973164 -62.527103 -62.08104 -61.63498 -61.184135 -60.6743 -60.164467 -59.65463 -59.115704 -58.57642 -58.035156 -57.477062 -56.91897 -56.360874 -55.80278 -55.244686 -54.686596 -54.1285 -53.570408 -53.012314 -52.42679 -51.794834 -51.16288 -50.530926 -49.89897
-68.53844 -68.653 -68.76757 -68.88213 -68.74738 -68.49504 -68.2427 -67.99036 -67.738014 -67.48568 -67.23334 -66.980995 -66.72865 -66.47631 -66.223976 -65.98122 -65.743515 -65.50581 -65.26811 -65.03041 -64.79271 -64.54087 -64.164505 -63.788143 -63.41178 -63.03542 -62.659058 -62.282696 -61.888107 -61.442043 -60.995983 -60.549923 -60.10386 -59.6578 -59.211735 -58.765675 -58.31961 -57.87355 -57.42749 -56.981426 -56.478115 -55.96828 -55.458447 -54.948612 -54.434647 -53.895363 -53.35608 -52.816795 -52.27751 -51.7251 -51.167007 -50.608913 -50.05082 -49.492725 -48.93463 -48.37654 -47.818447 -47.196472 -46.564518 -45.932564 -45.30061 -44.668655
-63.466988 -63.58155 -63.696117 -63.799713 -63.715324 -63.519478 -63.31956 -63.06722 -62.81488 -62.56254 -62.3102 -62.057858 -61.805515 -61.553177 -61.300835 -61.051815 -60.814114 -60.576416 -60.338715 -60.101013 -59.72843 -59.35207 -58.975708 -58.599346 -58.222984 -57.846622 -57.47026 -57.093895 -56.717533 -56.34117 -55.89637 -55.450306 -55.004246 -54.55818 -54.11212 -53.66606 -53.219997 -52.773937 -52.281933 -51.7721 -51.26226 -50.752426 -50.24259 -49.732758 -49.214306 -48.675022 -48.13574 -47.596455 -47.05717 -46.517887 -45.97314 -45.415047 -44.856953 -44.29886 -43.740765 -43.18267 -42.59811 -41.966156 -41.3342 -40.702248 -40.070293 -39.438343
-58.395535 -58.500454 -58.584423 -58.668396 -58.498055 -58.302208 -58.106358 -57.91051 -57.71466 -57.518814 -57.322964 -57.127117 -56.882378 -56.63004 -56.377697 -56.125355 -55.884716 -55.647015 -55.292355 -54.915993 -54.53963 -54.16327 -53.786907 -53.410545 -53.034184 -52.65782 -52.28146 -51.905098 -51.528736 -51.152374 -50.776012 -50.350693 -49.90463 -49.45857 -49.01251 -48.566444 -48.085747 -47.575912 -47.06608 -46.556244 -46.046406 -45.53657 -45.026737 -44.516903 -43.993965 -43.45468 -42.915398 -42.376114 -41.83683 -41.297546 -40.758266 -40.218983 -39.663082 -39.104992 -38.546898 -37.988804 -37.367794 -36.73584 -36.103886 -35.471935 -34.855137 -34.24479
-53.285164 -53.369137 -53.453106 -53.47663 -53.280785 -53.084938 -52.889088 -52.69324 -52.49739 -52.301544 -52.105694 -51.909847 -51.713997 -51.51815 -51.3223 -51.126453 -50.870243 -50.488632 -50.10702 -49.727196 -49.350834 -48.974472 -48.59811 -48.22175 -47.845387 -47.469025 -47.092663 -46.7163 -46.33994 -45.963577 -45.587215 -45.210854 -44.805016 -44.358955 -43.889565 -43.37973 -42.869892 -42.360058 -41.850224 -41.34039 -40.83055 -40.320717 -39.810883 -39.301044 -38.773624 -38.23434 -37.695057 -37.155773 -36.61649 -36.077206 -35.537926 -34.998642 -34.45936 -33.91112 -33.353027 -32.769432 -32.13748 -31.508806 -30.898458 -30.28811 -29.677763 -29.067413
-48.153847 -48.237816 -48.321785 -48.25936 -48.063515 -47.867664 -47.671818 -47.475967 -47.28012 -47.084274 -46.888424 -46.692577 -46.496727 -46.307842 -46.166138 -46.02345 -45.739056 -45.408775 -45.02717 -44.645557 -44.263947 -43.88234 -43.50073 -43.119118 -42.737507 -42.3559 -41.97429 -41.592678 -41.211067 -40.82946 -40.44785 -40.06624 -39.684628 -39.183544 -38.67371 -38.163876 -37.654037 -37.144203 -36.63437 -36.124535 -35.614697 -35.104862 -34.595028 -34.08519 -33.553284 -33.014 -32.474716 -31.935434 -31.39615 -30.856867 -30.317583 -29.7783 -29.239017 -28.699734 -28.15916 -27.552128 -26.94178 -26.331432 -25.721085 -25.110737 -24.500387 -23.89004
-43.022526 -43.106495 -43.190468 -43.04209 -42.846245 -42.650394 -42.454548 -42.258698 -42.06285 -41.867 -41.671154 -41.500885 -41.35918 -41.21748 -41.075756 -40.86212 -40.577724 -40.293274 -39.94731 -39.5657 -39.184093 -38.802483 -38.42087 -38.03926 -37.657654 -37.276043 -36.894432 -36.51282 -36.131214 -35.749603 -35.367992 -34.98638 -34.489388 -33.974575 -33.45976 -32.94802 -32.438183 -31.928349 -31.418512 -30.908678 -30.398842 -29.889008 -29.379171 -28.869337 -28.332943 -27.79366 -27.254375 -26.715094 -26.17581 -25.636526 -25.097242 -24.557959 -24.018677 -23.47793 -22.935371 -22.33843 -21.740164 -21.141895 -20.543627 -19.933361 -19.323013 -18.712666
-37.89121 -37.975178 -38.020668 -37.82482 -37.62897 -37.433125 -37.237278 -37.041428 -36.84558 -36.693928 -36.552227 -36.410522 -36.268818 -36.12709 -35.98515 -35.700794 -35.41647 -35.131954 -34.847504 -34.485847 -34.104237 -33.722626 -33.341015 -32.959408 -32.577797 -32.196186 -31.814577 -31.432966 -31.051357 -30.669746 -30.288137 -29.795633 -29.280819 -28.766006 -28.251192 -27.73638 -27.222328 -26.712494 -26.202658 -25.692823 -25.182987 -24.673153 -24.163317 -23.651886 -23.112602 -22.573318 -22.034035 -21.494753 -20.95547 -20.416185 -19.876902 -19.336458 -18.794489 -18.251778 -17.706047 -17.107706 -16.509125 -15.910857 -15.31259 -14.714321 -14.116054 -13.517786
