test/UKGEOS_Glasgow/EXPORTS/ASCII(5mCell)/Faults/Fault_f23_50m_GGERFS_Predrill(5m).asc
ncols 241
nrows 144
xllcenter 263797.75
yllcenter 661348.94
cellsize 5.0
nodata_value 10e32
[rows 52 to 77 of 144, columns 59 to 117 of 241]
-249.51605 -251.58441 -253.65276 -255.8984 -258.3923 -260.88623 -263.10617 -264.79623 -266.48627 -268.17633 -269.86636 -271.55643 -273.24646 -274.93652 -276.62656 -278.31662 -280.00668 -281.69672 -283.38678 -285.0768 -286.98798 -288.90872 -290.71323 -292.41125 -294.11554 -295.82208 -297.52866 -299.2352 -300.94174 -302.64835 -304.35834 -306.0683 -307.7783 -309.48828 -311.20508 -312.93405 -314.66302 -316.392 -318.12097 -319.84995 -321.57892 -323.24304 -324.90103 -326.55905 -328.21704 -329.87503 -331.53305 -333.19104 -334.84906 -336.5792 -338.16043 -339.72458 -341.28873 -342.85287 -344.41702 -345.98117 -347.54532 -349.10947 -350.67358
-244.95624 -247.0246 -249.09296 -251.34346 -253.83737 -256.33127 -258.8252 -260.83472 -262.52475 -264.2148 -265.90485 -267.5949 -269.28494 -270.975 -272.66504 -274.3551 -276.04514 -277.7352 -279.42523 -281.31927 -283.24002 -285.1608 -287.04678 -288.7448 -290.44284 -292.14444 -293.85098 -295.55753 -297.2641 -298.97064 -300.67972 -302.38968 -304.09967 -305.80966 -307.5371 -309.26608 -310.99506 -312.72403 -314.453 -316.18198 -317.91098 -319.59753 -321.25555 -322.91354 -324.57156 -326.22955 -327.88757 -329.54556 -331.2496 -333.01584 -334.74997 -336.31412 -337.87827 -339.44238 -341.00653 -342.57068 -344.13483 -345.69897 -347.26312
-240.39644 -242.4648 -244.53316 -246.78851 -249.28242 -251.77634 -254.27025 -256.76416 -258.56323 -260.2533 -261.94333 -263.6334 -265.32343 -267.0135 -268.70352 -270.3936 -272.08362 -273.77368 -275.65057 -277.57132 -279.4921 -281.41284 -283.33362 -285.07837 -286.77637 -288.4744 -290.1733 -291.87988 -293.58643 -295.293 -297.0011 -298.71106 -300.42105 -302.14017 -303.86914 -305.5981 -307.3271 -309.05606 -310.78503 -312.51404 -314.243 -315.95206 -317.61008 -319.26807 -320.92606 -322.58408 -324.24207 -325.92 -327.68625 -329.45248 -331.21872 -332.90363 -334.46777 -336.03192 -337.59607 -339.16022 -340.72433 -342.28848 -343.85263
-235.83662 -237.90498 -239.97334 -242.23358 -244.72748 -247.22139 -249.7153 -252.2092 -254.60172 -256.29178 -257.9818 -259.67188 -261.3619 -263.05197 -264.742 -266.43207 -268.1221 -269.98184 -271.90262 -273.82336 -275.74414 -277.66492 -279.58566 -281.41193 -283.10992 -284.80795 -286.50598 -288.204 -289.90878 -291.61533 -293.32248 -295.03244 -296.74323 -298.4722 -300.20117 -301.93015 -303.65912 -305.38812 -307.1171 -308.84607 -310.57504 -312.30402 -313.96457 -315.6226 -317.28058 -318.9386 -320.5966 -322.35666 -324.1229 -325.88913 -327.65536 -329.4216 -331.05728 -332.62143 -334.18558 -335.74973 -337.31387 -338.87802 -340.44217
-231.27682 -233.34518 -235.41354 -237.67863 -240.17253 -242.66644 -245.16035 -247.65427 -250.14816 -252.33025 -254.0203 -255.71034 -257.4004 -259.09045 -260.7805 -262.47055 -264.31314 -266.23392 -268.15466 -270.07544 -271.9962 -273.91696 -275.8377 -277.74548 -279.44348 -281.1415 -282.83954 -284.53754 -286.23557 -287.93765 -289.64423 -291.35382 -293.07526 -294.80423 -296.5332 -298.26218 -299.99118 -301.72015 -303.44913 -305.1781 -306.90707 -308.63605 -310.3191 -311.97708 -313.6351 -315.2931 -317.02707 -318.7933 -320.55954 -322.32578 -324.092 -325.85825 -327.62448 -329.21097 -330.7751 -332.33923 -333.90338 -335.46753 -337.03168
-226.71701 -228.78537 -230.85373 -233.12369 -235.6176 -238.1115 -240.60541 -243.09932 -245.59323 -248.08713 -250.05878 -251.74883 -253.43887 -255.12892 -256.81897 -258.64444 -260.56522 -262.48596 -264.40674 -266.32748 -268.24826 -270.169 -272.08978 -274.01053 -275.77704 -277.47507 -279.1731 -280.8711 -282.56912 -284.26715 -285.96655 -287.6783 -289.4073 -291.13626 -292.86526 -294.59424 -296.3232 -298.0522 -299.78116 -301.51013 -303.2391 -304.96808 -306.6736 -308.3316 -309.98962 -311.69748 -313.4637 -315.22995 -316.9962 -318.76242 -320.52866 -322.2949 -324.06113 -325.80048 -327.36462 -328.92877 -330.49292 -332.05704 -333.6212
-222.15721 -224.22557 -226.29393 -228.56874 -231.06265 -233.55656 -236.05046 -238.54437 -241.03828 -243.53218 -246.0261 -247.7873 -249.47736 -251.1674 -252.97574 -254.8965 -256.81726 -258.73804 -260.65878 -262.57956 -264.5003 -266.42108 -268.34183 -270.2626 -272.1106 -273.80862 -275.50665 -277.20465 -278.90268 -280.6007 -282.2987 -284.02692 -285.7482 -287.4695 -289.1973 -290.92627 -292.65524 -294.38422 -296.1132 -297.84216 -299.57114 -301.3001 -303.0281 -304.68613 -306.3679 -308.13412 -309.90036 -311.6666 -313.43283 -315.19907 -316.9653 -318.73154 -320.49777 -322.264 -323.95413 -325.51828 -327.08243 -328.64658 -330.21072
-217.5974 -219.66576 -221.73412 -224.0138 -226.5077 -229.00162 -231.49551 -233.98943 -236.48334 -238.97725 -241.47115 -243.82578 -245.51582 -247.30704 -249.2278 -251.14856 -253.06932 -254.99008 -256.91086 -258.8316 -260.75238 -262.67313 -264.5939 -266.51465 -268.43542 -270.14218 -271.84018 -273.5382 -275.23624 -276.93427 -278.6364 -280.38504 -282.12332 -283.8446 -285.56592 -287.2872 -289.0085 -290.7298 -292.4511 -294.1742 -295.90317 -297.63214 -299.3611 -301.04065 -302.80453 -304.57077 -306.337 -308.10324 -309.86948 -311.6357 -313.40195 -315.16818 -316.93442 -318.70065 -320.46692 -322.10782 -323.67194 -325.23608 -326.80023
-213.0376 -215.10596 -217.17432 -219.45885 -221.95276 -224.44667 -226.94058 -229.43448 -231.92839 -234.4223 -236.91621 -239.41011 -241.63834 -243.5591 -245.47986 -247.40062 -249.32138 -251.24214 -253.1629 -255.08366 -257.00443 -258.9252 -260.84595 -262.76672 -264.68747 -266.47574 -268.17374 -269.87177 -271.5698 -273.2678 -274.99133 -276.73996 -278.48856 -280.21973 -281.941 -283.66232 -285.3836 -287.10492 -288.8262 -290.54752 -292.2688 -293.9901 -295.7114 -297.47916 -299.242 -301.00742 -302.77365 -304.5399 -306.30612 -308.07236 -309.8386 -311.60483 -313.37106 -315.13733 -316.90356 -318.6698 -320.26147 -321.82562 -323.40222
-208.47778 -210.54614 -212.6145 -214.90392 -217.39781 -219.89172 -222.38564 -224.87955 -227.33208 -229.69173 -232.05139 -234.41104 -236.95937 -239.40675 -241.73192 -243.65268 -245.57344 -247.4942 -249.41496 -251.33572 -253.25648 -255.17725 -257.09802 -259.01877 -260.93954 -262.8093 -264.5073 -266.20532 -267.90335 -269.60135 -271.34625 -273.09488 -274.84348 -276.59207 -278.31613 -280.0374 -281.75873 -283.48 -285.20132 -286.9226 -288.64392 -290.3652 -292.08652 -293.8879 -295.69638 -297.45923 -299.22205 -300.98486 -302.74768 -304.51053 -306.27524 -308.04147 -309.8077 -311.57397 -313.3402 -315.10645 -316.85098 -318.41513 -320.02054
-202.99477 -205.54596 -208.0547 -210.34897 -212.79102 -215.15067 -217.51031 -219.86998 -222.22963 -224.58928 -226.94894 -229.3232 -231.94391 -234.54723 -236.9381 -239.32898 -241.71986 -243.74626 -245.66702 -247.58778 -249.50854 -251.4293 -253.35007 -255.27083 -257.1916 -259.11237 -260.84085 -262.53888 -264.2369 -265.95258 -267.70117 -269.44977 -271.1984 -272.947 -274.69122 -276.41254 -278.13382 -279.85513 -281.57642 -283.29773 -285.019 -286.74033 -288.47556 -290.28943 -292.1033 -293.9136 -295.67642 -297.43927 -299.2021 -300.9649 -302.72775 -304.49057 -306.2534 -308.0162 -309.77905 -311.5431 -313.30933 -315.00464 -316.63882
-197.48474 -200.03593 -202.66925 -205.3289 -207.68855 -210.04822 -212.40787 -214.76752 -217.12718 -219.48683 -221.84648 -224.30775 -226.92847 -229.54916 -232.07857 -234.46945 -236.86034 -239.2512 -241.64209 -243.83984 -245.7606 -247.68137 -249.60213 -251.52289 -253.44365 -255.36441 -257.1744 -258.87244 -260.57043 -262.30746 -264.0561 -265.8047 -267.5533 -269.3019 -271.0505 -272.78763 -274.50894 -276.23022 -277.95154 -279.67285 -281.39413 -283.11545 -284.87708 -286.69095 -288.50482 -290.3187 -292.13083 -293.89365 -295.6565 -297.4193 -299.18213 -300.94495 -302.7078 -304.4706 -306.23343 -307.99628 -309.7591 -311.51608 -313.17804
-192.00851 -194.68001 -197.35152 -200.02303 -202.5861 -204.94577 -207.30542 -209.66507 -212.02473 -214.38438 -216.74403 -219.2923 -221.91301 -224.53372 -227.15443 -229.60991 -232.0008 -234.39168 -236.78256 -239.17345 -241.56433 -243.93343 -245.85419 -247.77495 -249.69571 -251.61647 -253.50797 -255.20598 -256.9138 -258.66238 -260.411 -262.1596 -263.9082 -265.65683 -267.40543 -269.15405 -270.88406 -272.60535 -274.32666 -276.04794 -277.76926 -279.49054 -281.27856 -283.09247 -284.90634 -286.7202 -288.5341 -290.34796 -292.11087 -293.87372 -295.63654 -297.39935 -299.16217 -300.92502 -302.68784 -304.45065 -306.21347 -307.96133 -309.64233
-186.69077 -189.36227 -192.03378 -194.70529 -197.37679 -199.8433 -202.20297 -204.56262 -206.92227 -209.28194 -211.65614 -214.27686 -216.89757 -219.51826 -222.13898 -224.75038 -227.14127 -229.53214 -231.92302 -234.3139 -236.70479 -239.09567 -241.48656 -243.87744 -245.94777 -247.86853 -249.78929 -251.53954 -253.26869 -255.0173 -256.7659 -258.51453 -260.26312 -262.01175 -263.76035 -265.50897 -267.25757 -268.98047 -270.70175 -272.42307 -274.14435 -275.8662 -277.68008 -279.49396 -281.30786 -283.12173 -284.9356 -286.74948 -288.56335 -290.3281 -292.0909 -293.85376 -295.61658 -297.3794 -299.14224 -300.90506 -302.66788 -304.40656 -306.0876
-181.37303 -184.04454 -186.71603 -189.38754 -192.05905 -194.73056 -197.10051 -199.46017 -201.81982 -204.17947 -206.64069 -209.2614 -211.88211 -214.50282 -217.12354 -219.74425 -222.28172 -224.6726 -227.06349 -229.45438 -231.84526 -234.23613 -236.62701 -239.0179 -241.40878 -243.79967 -246.04135 -247.875 -249.62361 -251.37222 -253.12083 -254.86943 -256.61804 -258.36667 -260.11526 -261.86386 -263.6125 -265.35556 -267.07687 -268.79816 -270.51947 -272.26773 -274.0816 -275.89548 -277.70935 -279.52322 -281.33713 -283.151 -284.96487 -286.77875 -288.54532 -290.30814 -292.07098 -293.8338 -295.59662 -297.35944 -299.12228 -300.8518 -302.53284
-176.05528 -178.72679 -181.3983 -184.06981 -186.74132 -189.41281 -191.99806 -194.35773 -196.71738 -199.07703 -201.62524 -204.24596 -206.86667 -209.48737 -212.10808 -214.72879 -217.3495 -219.81306 -222.20395 -224.59483 -226.98572 -229.3766 -231.76749 -234.15837 -236.54924 -238.94012 -241.33101 -243.73863 -245.80965 -247.72713 -249.47574 -251.22435 -252.97296 -254.72157 -256.47018 -258.21878 -259.9674 -261.716 -263.45197 -265.17328 -266.89456 -268.66925 -270.48312 -272.297 -274.11087 -275.92474 -277.73862 -279.55252 -281.3664 -283.18027 -284.99414 -286.76254 -288.52536 -290.28818 -292.05103 -293.81384 -295.57666 -297.29706 -298.97806
-170.73755 -173.40906 -176.08057 -178.75206 -181.42357 -184.09508 -186.76659 -189.25526 -191.61493 -193.98909 -196.60979 -199.2305 -201.85121 -204.47192 -207.09264 -209.71335 -212.33406 -214.95354 -217.34442 -219.7353 -222.12617 -224.51706 -226.90794 -229.29883 -231.68971 -234.0806 -236.4901 -238.90134 -241.31259 -243.34358 -245.29364 -247.2437 -249.19376 -251.07648 -252.82509 -254.5737 -256.3223 -258.07092 -259.81952 -261.54837 -263.26968 -265.07074 -266.88464 -268.69852 -270.5124 -272.32626 -274.14014 -275.954 -277.7679 -279.5818 -281.39566 -283.20953 -284.97977 -286.74258 -288.5054 -290.26825 -292.03107 -293.74228 -295.4233
-165.3932 -168.0778 -170.7624 -173.43433 -176.10583 -178.77734 -181.44884 -184.12035 -186.51247 -188.97363 -191.59435 -194.21506 -196.83577 -199.45648 -202.07718 -204.69789 -207.3186 -209.93932 -212.48488 -214.87576 -217.26665 -219.65753 -222.04842 -224.4393 -226.83032 -229.24156 -231.6528 -234.06404 -236.4753 -238.88654 -240.8775 -242.82758 -244.77763 -246.72769 -248.67775 -250.62782 -252.57788 -254.42583 -256.17444 -257.92307 -259.6584 -261.47226 -263.28613 -265.1 -266.9139 -268.72778 -270.54166 -272.35553 -274.1694 -275.98328 -277.79718 -279.61105 -281.42493 -283.197 -284.9598 -286.72263 -288.48544 -290.18753 -291.86853
-160.02132 -162.70592 -165.39052 -168.07512 -170.7597 -173.4443 -176.1289 -178.80261 -181.41002 -183.95819 -186.5789 -189.1996 -191.82031 -194.44102 -197.06174 -199.68245 -202.30316 -204.92386 -207.54457 -210.01624 -212.4071 -214.79799 -217.18887 -219.58179 -221.99303 -224.40427 -226.8155 -229.22675 -231.638 -234.04924 -236.46048 -238.41144 -240.3615 -242.31157 -244.26163 -246.21169 -248.16174 -250.11182 -252.06187 -254.01193 -256.00815 -257.87378 -259.68765 -261.50153 -263.3154 -265.1293 -266.94318 -268.75705 -270.57092 -272.3848 -274.19867 -276.01257 -277.82645 -279.64032 -281.41418 -283.17703 -284.93985 -286.63275 -288.31378
-154.64943 -157.33403 -160.01863 -162.70323 -165.38782 -168.07242 -170.75702 -173.44162 -176.14845 -178.84488 -181.51144 -184.17801 -186.80487 -189.42558 -192.04628 -194.66699 -197.2877 -199.90842 -202.52913 -205.14984 -207.54758 -209.93846 -212.33324 -214.74449 -217.15573 -219.56697 -221.97821 -224.38947 -226.8007 -229.21194 -231.62318 -233.99532 -235.94537 -237.89543 -239.84549 -241.79556 -243.74562 -245.69568 -247.64574 -249.59581 -251.72733 -253.86205 -255.74913 -257.63623 -259.52332 -261.4104 -263.2975 -265.15857 -266.97244 -268.78632 -270.6002 -272.41406 -274.22797 -276.04184 -277.8557 -279.6314 -281.39426 -283.078 -284.75903
-149.27754 -151.96214 -154.64674 -157.33134 -160.01593 -162.70053 -165.38513 -168.09543 -170.83011 -173.56477 -176.23415 -178.90071 -181.56728 -184.23384 -186.9004 -189.56697 -192.23354 -194.89296 -197.51367 -200.13438 -202.68803 -205.0847 -207.49594 -209.9072 -212.31844 -214.72968 -217.14091 -219.55217 -221.96341 -224.37465 -226.78589 -229.19713 -231.52924 -233.47931 -235.42937 -237.37943 -239.32948 -241.27956 -243.22961 -245.17967 -247.38063 -249.59212 -251.71593 -253.60303 -255.49011 -257.3772 -259.26428 -261.15137 -263.03845 -264.92557 -266.81265 -268.69974 -270.58682 -272.44333 -274.25723 -276.0711 -277.84222 -279.52325 -281.20425
-143.90565 -146.59026 -149.27486 -151.95946 -154.64404 -157.32864 -160.04242 -162.77708 -165.51175 -168.24643 -170.95683 -173.6234 -176.28996 -178.95653 -181.62311 -184.28967 -186.95624 -189.6228 -192.28937 -194.95593 -197.6135 -200.1887 -202.65865 -205.0699 -207.48114 -209.89238 -212.30362 -214.71487 -217.12611 -219.53735 -221.9486 -224.35985 -226.77109 -229.06317 -231.01323 -232.9633 -234.91336 -236.86342 -238.81348 -240.82245 -243.03394 -245.24542 -247.45692 -249.56982 -251.45691 -253.344 -255.2311 -257.11816 -259.00528 -260.89236 -262.77945 -264.66653 -266.55362 -268.4407 -270.3278 -272.2149 -274.1224 -275.88904 -277.56805
-138.53377 -141.21837 -143.90297 -146.58755 -149.27216 -151.98941 -154.72408 -157.45874 -160.1934 -162.92809 -165.66275 -168.3461 -171.01266 -173.67923 -176.3458 -179.01236 -181.67892 -184.34549 -187.01205 -189.67863 -192.30116 -194.90327 -197.47919 -200.02403 -202.5689 -205.05508 -207.46632 -209.87758 -212.28882 -214.70006 -217.1113 -219.52255 -221.93379 -224.34503 -226.5971 -228.54716 -230.49722 -232.44728 -234.39735 -236.47575 -238.68724 -240.89874 -243.11023 -245.32172 -247.4237 -249.3108 -251.19789 -253.08498 -254.97206 -256.85916 -258.74625 -260.63333 -262.52042 -264.4075 -266.2946 -268.20642 -270.1252 -272.04208 -273.84113
-133.16188 -135.84648 -138.53108 -141.21567 -143.93639 -146.67107 -149.40573 -152.1404 -154.87506 -157.60974 -160.3444 -163.0688 -165.73537 -168.40193 -171.0685 -173.73506 -176.40163 -179.06819 -181.73476 -184.38672 -186.98883 -189.59096 -192.19307 -194.76965 -197.3145 -199.85936 -202.4042 -204.94907 -207.45152 -209.86276 -212.274 -214.68526 -217.0965 -219.50774 -221.91898 -224.13103 -226.0811 -228.03116 -229.98122 -232.12906 -234.34056 -236.55205 -238.76353 -240.97502 -243.18651 -245.2776 -247.16469 -249.05177 -250.93887 -252.82596 -254.71304 -256.60013 -258.4872 -260.3743 -262.29028 -264.2091 -266.12793 -268.0453 -269.96173
-127.789986 -130.4746 -133.1592 -135.88338 -138.61804 -141.3527 -144.08739 -146.82205 -149.55672 -152.2914 -155.02606 -157.76073 -160.45805 -163.12462 -165.79118 -168.45775 -171.12433 -173.7909 -176.45746 -179.07439 -181.67651 -184.27863 -186.88075 -189.48286 -192.06012 -194.60498 -197.14983 -199.69469 -202.23953 -204.7844 -207.32924 -209.84796 -212.2592 -214.67044 -217.08168 -219.49294 -221.66496 -223.61502 -225.57088 -227.78238 -229.99387 -232.20535 -234.41684 -236.62833 -238.83981 -241.0513 -243.13148 -245.01857 -246.90567 -248.79276 -250.67984 -252.56694 -254.45537 -256.37418 -258.293 -260.21182 -262.13065 -264.04852 -265.96497
-122.39538 -125.1027 -127.83036 -130.56503 -133.2997 -136.03436 -138.76904 -141.50371 -144.23837 -146.97305 -149.70772 -152.44238 -155.17706 -157.84732 -160.51389 -163.18045 -165.84702 -168.51358 -171.15994 -173.76205 -176.36418 -178.9663 -181.56842 -184.17055 -186.77266 -189.35059 -191.89545 -194.44029 -196.98515 -199.53 -202.07486 -204.61972 -207.16457 -209.70943 -212.24438 -214.65564 -217.06688 -219.1989 -221.2242 -223.43568 -225.64717 -227.85866 -230.07014 -232.28163 -234.49312 -236.70462 -238.9161 -240.98538 -242.87247 -244.75955 -246.64664 -248.53926 -250.45808 -252.37689 -254.29572 -256.21454 -258.13336 -260.05176 -261.96817
