test/UKGEOS_Glasgow/EXPORTS/ASCII(5mCell)/Faults/Fault_Burnside_50m_GGERFS_Predrill(5m).asc
ncols 441
nrows 59
xllcenter 260566.11
yllcenter 660850.0
cellsize 5.0
nodata_value 10e32
[rows 29 to 57 of 59, columns 260 to 324 of 441]
10e32 10e32 10e32 10e32 10e32 10e32 10e32 10e32 10e32 10e32 10e32 10e32 10e32 10e32 10e32 10e32 10e32 10e32 10e32 10e32 10e32 10e32 10e32 10e32 10e32 10e32 10e32 10e32 10e32 10e32 10e32 10e32 10e32 10e32 10e32 10e32 10e32 10e32 10e32 10e32 10e32 10e32 10e32 10e32 10e32 10e32 10e32 10e32 10e32 10e32 10e32 10e32 10e32 10e32 10e32 10e32 10e32 10e32 10e32 10e32 10e32 10e32 10e32 10e32 10e32
10e32 10e32 10e32 10e32 10e32 10e32 10e32 10e32 10e32 10e32 10e32 10e32 10e32 10e32 10e32 10e32 10e32 10e32 10e32 10e32 10e32 10e32 10e32 10e32 10e32 10e32 10e32 10e32 10e32 10e32 10e32 10e32 10e32 10e32 10e32 10e32 10e32 10e32 10e32 10e32 10e32 10e32 10e32 10e32 10e32 10e32 10e32 10e32 10e32 10e32 10e32 10e32 10e32 10e32 10e32 10e32 10e32 10e32 10e32 10e32 10e32 10e32 10e32 10e32 10e32
-363.77942 -364.4137 10e32 10e32 10e32 10e32 10e32 10e32 10e32 10e32 10e32 10e32 10e32 10e32 10e32 10e32 10e32 10e32 10e32 10e32 10e32 10e32 10e32 10e32 10e32 10e32 10e32 10e32 10e32 10e32 10e32 10e32 10e32 10e32 10e32 10e32 10e32 10e32 10e32 10e32 10e32 10e32 10e32 10e32 10e32 10e32 10e32 10e32 10e32 10e32 10e32 10e32 10e32 10e32 10e32 10e32 10e32 10e32 10e32 10e32 10e32 10e32 10e32 10e32 10e32
-361.82654 -362.46082 -363.0951 -363.72937 -364.36365 -364.99792 -365.6322 -366.26648 -366.9008 10e32 10e32 10e32 10e32 10e32 10e32 10e32 10e32 10e32 10e32 10e32 10e32 10e32 10e32 10e32 10e32 10e32 10e32 10e32 10e32 10e32 10e32 10e32 10e32 10e32 10e32 10e32 10e32 10e32 10e32 10e32 10e32 10e32 10e32 10e32 10e32 10e32 10e32 10e32 10e32 10e32 10e32 10e32 10e32 10e32 10e32 10e32 10e32 10e32 10e32 10e32 10e32 10e32 10e32 10e32 10e32
-359.87363 -360.50793 -361.1422 -361.7765 -362.41077 -363.04504 -363.67932 -364.3136 -364.94788 -365.58215 -366.21643 -366.8507 -367.48502 -368.1476 -368.89175 -369.63867 10e32 10e32 10e32 10e32 10e32 10e32 10e32 10e32 10e32 10e32 10e32 10e32 10e32 10e32 10e32 10e32 10e32 10e32 10e32 10e32 10e32 10e32 10e32 10e32 10e32 10e32 10e32 10e32 10e32 10e32 10e32 10e32 10e32 10e32 10e32 10e32 10e32 10e32 10e32 10e32 10e32 10e32 10e32 10e32 10e32 10e32 10e32 10e32 10e32
-357.92786 -358.55502 -359.1893 -359.82358 -360.45786 -361.09216 -361.72644 -362.36072 -362.995 -363.62927 -364.26355 -364.89783 -365.53687 -366.2619 -366.99506 -367.742 -368.48895 -369.23587 -369.98282 -370.72974 -371.47668 -372.22363 -372.97055 10e32 10e32 10e32 10e32 10e32 10e32 10e32 10e32 10e32 10e32 10e32 10e32 10e32 10e32 10e32 10e32 10e32 10e32 10e32 10e32 10e32 10e32 10e32 10e32 10e32 10e32 10e32 10e32 10e32 10e32 10e32 10e32 10e32 10e32 10e32 10e32 10e32 10e32 10e32 10e32 10e32 10e32
-356.01324 -356.60214 -357.23642 -357.8707 -358.50497 -359.13925 -359.77353 -360.4078 -361.04208 -361.6764 -362.31067 -362.94495 -363.65112 -364.3762 -365.10123 -365.84534 -366.59225 -367.3392 -368.08615 -368.83307 -369.58002 -370.32693 -371.07388 -371.82083 -372.56775 -373.3147 -374.0616 -374.80856 -375.51355 -376.1299 -376.7463 10e32 10e32 10e32 10e32 10e32 10e32 10e32 10e32 10e32 10e32 10e32 10e32 10e32 10e32 10e32 10e32 10e32 10e32 10e32 10e32 10e32 10e32 10e32 10e32 10e32 10e32 10e32 10e32 10e32 10e32 10e32 10e32 10e32 10e32
-354.09863 -354.64923 -355.2835 -355.91782 -356.5521 -357.18637 -357.82065 -358.45493 -359.0892 -359.72348 -360.35776 -361.04037 -361.7654 -362.49045 -363.21548 -363.94864 -364.6956 -365.44254 -366.18945 -366.9364 -367.68332 -368.43027 -369.17722 -369.92413 -370.67108 -371.418 -372.16495 -372.95224 -373.7522 -374.37488 -374.99127 -375.60764 -376.22403 -376.8404 -377.45676 -378.07315 -378.6895 -379.30588 -379.92227 10e32 10e32 10e32 10e32 10e32 10e32 10e32 10e32 10e32 10e32 10e32 10e32 10e32 10e32 10e32 10e32 10e32 10e32 10e32 10e32 10e32 10e32 10e32 10e32 10e32 10e32
-352.18402 -352.73407 -353.33063 -353.9649 -354.59918 -355.23346 -355.86774 -356.50204 -357.13632 -357.7706 -358.4296 -359.15463 -359.87967 -360.60474 -361.32977 -362.0548 -362.79892 -363.54584 -364.2928 -365.0397 -365.78665 -366.5336 -367.28052 -368.02747 -368.77438 -369.52133 -370.29828 -371.09824 -371.8982 -372.61987 -373.23624 -373.8526 -374.469 -375.08536 -375.70172 -376.3181 -376.93448 -377.55084 -378.16724 -378.7836 -379.39996 -380.01636 -380.71088 -381.24756 -381.78424 -382.32092 10e32 10e32 10e32 10e32 10e32 10e32 10e32 10e32 10e32 10e32 10e32 10e32 10e32 10e32 10e32 10e32 10e32 10e32 10e32
-350.2694 -350.81946 -351.37775 -352.01202 -352.6463 -353.28058 -353.91486 -354.54913 -355.1834 -355.81885 -356.54388 -357.26892 -357.99396 -358.719 -359.44403 -360.16907 -360.90222 -361.64917 -362.3961 -363.14304 -363.88998 -364.6369 -365.38385 -366.1308 -366.87772 -367.6443 -368.44424 -369.24423 -370.0442 -370.84415 -371.4812 -372.09756 -372.71396 -373.33032 -373.9467 -374.56308 -375.17944 -375.7958 -376.4122 -377.02856 -377.64496 -378.32397 -379.04807 -379.67587 -380.21252 -380.7492 -381.2859 -381.82257 -382.35922 -382.8959 -383.4326 -383.96927 -384.50595 10e32 10e32 10e32 10e32 10e32 10e32 10e32 10e32 10e32 10e32 10e32 10e32
-348.3548 -348.90485 -349.45493 -350.0591 -350.6934 -351.3277 -351.96198 -352.59625 -353.23053 -353.9331 -354.65814 -355.38318 -356.10825 -356.83328 -357.55832 -358.28336 -359.0084 -359.7525 -360.49942 -361.24637 -361.9933 -362.74023 -363.48718 -364.2341 -364.99033 -365.79028 -366.59024 -367.3902 -368.1902 -368.99014 -369.72617 -370.34253 -370.95892 -371.5753 -372.19165 -372.80804 -373.4244 -374.0408 -374.65717 -375.27353 -375.93634 -376.66043 -377.38452 -378.10416 -378.64084 -379.17752 -379.7142 -380.25085 -380.78754 -381.32422 -381.8609 -382.39755 -382.93423 -383.47092 -384.0076 -384.54428 -385.09702 -385.29153 -385.45847 -385.62543 10e32 10e32 10e32 10e32 10e32
-346.4402 -346.99026 -347.5403 -348.10623 -348.7405 -349.3748 -350.00906 -350.64334 -351.32236 -352.0474 -352.77243 -353.49747 -354.2225 -354.94754 -355.67258 -356.39764 -357.12268 -357.8558 -358.60275 -359.34967 -360.09662 -360.84357 -361.59048 -362.33743 -363.1363 -363.93628 -364.73624 -365.5362 -366.33615 -367.13614 -367.9361 -368.58752 -369.2039 -369.82025 -370.43665 -371.053 -371.66937 -372.28577 -372.90213 -373.5487 -374.2728 -374.99692 -375.721 -376.4451 -377.06915 -377.6058 -378.1425 -378.67917 -379.21585 -379.7525 -380.28918 -380.82587 -381.36255 -381.89923 -382.43588 -382.98654 -383.54132 -383.70825 -383.8752 -384.04214 -384.2091 -384.37604 -384.54297 -384.70993 -384.87686
-344.52557 -345.07565 -345.6257 -346.17578 -346.78763 -347.4219 -348.05618 -348.71158 -349.4366 -350.16165 -350.8867 -351.61176 -352.3368 -353.06183 -353.78687 -354.5119 -355.23694 -355.96198 -356.70605 -357.453 -358.19995 -358.94687 -359.69382 -360.48233 -361.2823 -362.08224 -362.88223 -363.6822 -364.48215 -365.2821 -366.0821 -366.8325 -367.44885 -368.06522 -368.6816 -369.29797 -369.91434 -370.53073 -371.1611 -371.8852 -372.60928 -373.33337 -374.05746 -374.7816 -375.49744 -376.03412 -376.5708 -377.10745 -377.64413 -378.18082 -378.7175 -379.25418 -379.79083 -380.3275 -380.87787 -381.4503 -381.95804 -382.125 -382.29193 -382.45886 -382.62582 -382.79276 -382.95972 -383.12665 -383.2936
-342.61096 -343.16104 -343.7111 -344.26117 -344.83472 -345.469 -346.10327 -346.82587 -347.5509 -348.27594 -349.00098 -349.726 -350.45105 -351.1761 -351.90112 -352.6262 -353.35123 -354.07626 -354.8094 -355.55634 -356.30325 -357.0502 -357.82834 -358.62833 -359.42828 -360.22824 -361.0282 -361.8282 -362.62814 -363.4281 -364.22806 -365.02805 -365.69382 -366.31018 -366.92657 -367.54294 -368.1593 -368.7757 -369.49756 -370.22165 -370.94577 -371.66986 -372.39395 -373.11804 -373.84216 -374.46243 -374.99908 -375.53577 -376.07245 -376.60913 -377.14578 -377.68246 -378.21915 -378.7692 -379.3416 -379.91403 -380.3748 -380.54172 -380.70865 -380.8756 -381.04254 -381.2095 -381.37643 -381.5434 -381.71033
-340.69635 -341.24643 -341.79648 -342.34656 -342.8966 -343.5161 -344.2151 -344.94012 -345.66516 -346.3902 -347.11526 -347.8403 -348.56534 -349.29037 -350.0154 -350.74045 -351.46548 -352.19052 -352.9156 -353.65964 -354.4066 -355.17438 -355.97433 -356.7743 -357.57428 -358.37424 -359.1742 -359.97415 -360.77414 -361.5741 -362.37405 -363.174 -363.93878 -364.55515 -365.17154 -365.7879 -366.4043 -367.10995 -367.83405 -368.55814 -369.28223 -370.00632 -370.73044 -371.45453 -372.17862 -372.89072 -373.4274 -373.96408 -374.50073 -375.0374 -375.5741 -376.11078 -376.66055 -377.23294 -377.80536 -378.37778 -378.7915 -378.95844 -379.1254 -379.29233 -379.4593 -379.62622 -379.79318 -379.9601 -380.13947
-338.70236 -339.26743 -339.83246 -340.39752 -340.9626 -341.60242 -342.32938 -343.0544 -343.77945 -344.5045 -345.22952 -345.95456 -346.6796 -347.40463 -348.1297 -348.85474 -349.57977 -350.3048 -351.02985 -351.76297 -352.52042 -353.32037 -354.12033 -354.9203 -355.72025 -356.52023 -357.3202 -358.12015 -358.9201 -359.7201 -360.52005 -361.32 -362.11996 -362.80014 -363.4165 -364.03287 -364.72232 -365.4464 -366.1705 -366.89462 -367.6187 -368.3428 -369.0669 -369.791 -370.5151 -371.2392 -371.85568 -372.39236 -372.92905 -373.46573 -374.0024 -374.55188 -375.1243 -375.6967 -376.2691 -376.84152 -377.20822 -377.37518 -377.5421 -377.70908 -377.876 -378.04297 -378.2099 -378.37683 -378.58728
-336.63718 -337.20224 -337.76727 -338.33234 -338.8999 -339.59412 -340.40018 -341.1282 -341.8562 -342.58423 -343.31226 -344.04025 -344.76828 -345.49628 -346.2243 -346.9523 -347.68033 -348.40836 -349.13635 -349.86438 -350.66617 -351.46637 -352.26633 -353.06628 -353.86624 -354.6662 -355.4662 -356.26614 -357.0661 -357.86606 -358.66605 -359.466 -360.26596 -361.0451 -361.66147 -362.3347 -363.05878 -363.7829 -364.507 -365.23108 -365.95517 -366.6793 -367.40338 -368.12747 -368.85156 -369.57565 -370.284 -370.82068 -371.35736 -371.894 -372.4432 -373.01562 -373.588 -374.16043 -374.73285 -375.30527 -375.62497 -375.7919 -375.95886 -376.1258 -376.29272 -376.4597 -376.62662 -376.82092 -377.0351
-334.572 -335.13705 -335.7021 -336.26715 -336.86856 -337.5424 -338.3996 -339.19797 -339.92596 -340.654 -341.382 -342.11002 -342.838 -343.56604 -344.29407 -345.02206 -345.7501 -346.4781 -347.20612 -347.93765 -348.8029 -349.60364 -350.40442 -351.20517 -352.00595 -352.8067 -353.60748 -354.40823 -355.209 -356.00977 -356.81055 -357.6113 -358.41196 -359.2119 -359.94708 -360.67117 -361.39526 -362.11935 -362.84344 -363.56757 -364.29166 -365.01575 -365.73984 -366.46396 -367.18805 -367.91214 -368.63623 -369.24896 -369.78564 -370.33453 -370.90695 -371.47937 -372.05176 -372.62418 -373.1966 -373.769 -374.0417 -374.20865 -374.37558 -374.5425 -374.70947 -374.8764 -375.05457 -375.26874 -375.4829
-332.5068 -333.07187 -333.6369 -334.21585 -334.83725 -335.4907 -336.34787 -337.20508 -337.99573 -338.72372 -339.45175 -340.17975 -340.90778 -341.6358 -342.3638 -343.09183 -343.81982 -344.54785 -345.27585 -346.0206 -346.88684 -347.74036 -348.5411 -349.3419 -350.14264 -350.94342 -351.74417 -352.54495 -353.3457 -354.14648 -354.94724 -355.74802 -356.54877 -357.34955 -358.1852 -358.932 -359.6669 -360.4018 -361.13672 -361.8716 -362.60654 -363.34143 -364.07632 -364.8004 -365.5245 -366.24863 -366.97272 -367.67728 -368.22586 -368.79828 -369.3707 -369.9431 -370.5155 -371.08792 -371.66034 -372.23276 -372.4584 -372.62537 -372.7923 -372.95926 -373.1262 -373.29315 -373.50238 -373.71655 -373.93073
-330.44162 -331.00668 -331.57172 -332.18454 -332.8059 -333.43896 -334.29617 -335.15338 -336.0106 -336.7935 -337.5215 -338.2495 -338.97754 -339.70554 -340.43356 -341.16156 -341.8896 -342.6176 -343.3456 -344.10358 -344.9698 -345.83603 -346.6778 -347.47858 -348.27933 -349.0801 -349.88086 -350.68164 -351.4824 -352.28317 -353.08392 -353.8847 -354.68546 -355.48953 -356.33606 -357.16144 -357.89636 -358.63126 -359.36615 -360.10107 -360.83597 -361.5709 -362.3058 -363.04068 -363.7756 -364.5105 -365.2454 -365.99072 -366.6896 -367.26202 -367.83444 -368.40686 -368.97925 -369.55167 -370.12408 -370.6965 -370.87515 -371.04208 -371.20905 -371.37598 -371.54294 -371.73602 -371.9502 -372.16437 -372.37854
-328.37643 -328.9415 -329.53183 -330.15323 -330.7746 -331.39597 -332.24445 -333.10165 -333.95886 -334.81607 -335.59125 -336.31927 -337.04727 -337.7753 -338.5033 -339.23132 -339.95935 -340.68735 -341.41537 -342.18655 -343.05276 -343.91898 -344.78522 -345.61526 -346.41605 -347.2168 -348.01758 -348.81833 -349.6191 -350.41986 -351.22064 -352.0214 -352.82217 -353.64038 -354.4869 -355.33344 -356.1258 -356.8607 -357.5956 -358.3305 -359.06543 -359.80032 -360.53522 -361.27014 -362.00504 -362.73996 -363.47485 -364.27756 -365.12598 -365.72577 -366.2982 -366.8706 -367.443 -368.0154 -368.58783 -369.12442 -369.29187 -369.45883 -369.62576 -369.79272 -369.96964 -370.18384 -370.398 -370.61218 -370.82635
-326.31125 -326.87915 -327.50052 -328.1219 -328.74326 -329.36462 -330.19272 -331.04993 -331.90714 -332.76434 -333.62155 -334.389 -335.11703 -335.84506 -336.57306 -337.3011 -338.02908 -338.7571 -339.4851 -340.2695 -341.13574 -342.00195 -342.86816 -343.7344 -344.55273 -345.35352 -346.15427 -346.95505 -347.7558 -348.55658 -349.35733 -350.1581 -350.95886 -351.79123 -352.63776 -353.48428 -354.3308 -355.09015 -355.82504 -356.55997 -357.29486 -358.02975 -358.76468 -359.49957 -360.2345 -360.9694 -361.71597 -362.5644 -363.4128 -364.1895 -364.76193 -365.33432 -365.90674 -366.47916 -367.05157 -367.54114 -367.70862 -367.87555 -368.0425 -368.20944 -368.41745 -368.63165 -368.84583 -369.06 -369.27417
-324.24606 -324.8478 -325.46918 -326.09058 -326.71194 -327.3333 -328.14102 -328.9982 -329.8554 -330.71262 -331.56982 -332.42703 -333.1868 -333.9148 -334.64282 -335.37082 -336.09885 -336.82684 -337.55487 -338.35248 -339.2187 -340.08493 -340.95114 -341.81735 -342.6836 -343.4902 -344.291 -345.09174 -345.89252 -346.69327 -347.49405 -348.2948 -349.09558 -349.94208 -350.7886 -351.63513 -352.48166 -353.31958 -354.0545 -354.7894 -355.52432 -356.25922 -356.9941 -357.72903 -358.46393 -359.19882 -360.0028 -360.85123 -361.69965 -362.54807 -363.22568 -363.79807 -364.37048 -364.9429 -365.51532 -365.95786 -366.12534 -366.29227 -366.45923 -366.6511 -366.8653 -367.07947 -367.29364 -367.5078 -367.722
-322.19513 -322.8165 -323.43787 -324.05923 -324.6806 -325.30197 -326.0893 -326.9465 -327.8037 -328.66092 -329.5181 -330.3753 -331.2325 -331.98456 -332.71255 -333.44058 -334.1686 -334.8966 -335.62463 -336.43542 -337.30167 -338.16788 -339.03412 -339.90033 -340.76654 -341.6269 -342.42767 -343.22842 -344.0292 -344.82996 -345.63074 -346.4315 -347.2464 -348.09293 -348.93945 -349.78598 -350.6325 -351.479 -352.28394 -353.01886 -353.75375 -354.48865 -355.22357 -355.95847 -356.6934 -357.44122 -358.28964 -359.13806 -359.98648 -360.83487 -361.6833 -362.2618 -362.83423 -363.40665 -363.97906 -364.3746 -364.54205 -364.709 -364.88474 -365.0989 -365.3131 -365.52728 -365.74146 -365.95563 -366.1698
-320.1638 -320.78516 -321.40656 -322.02792 -322.6493 -323.27066 -324.03757 -324.89478 -325.75198 -326.6092 -327.4664 -328.3236 -329.18082 -330.038 -330.78232 -331.51035 -332.23834 -332.96637 -333.69437 -334.5184 -335.3846 -336.25085 -337.11707 -337.98328 -338.84952 -339.71573 -340.56436 -341.36514 -342.1659 -342.96667 -343.76743 -344.5682 -345.39725 -346.24377 -347.0903 -347.93683 -348.78336 -349.62985 -350.47638 -351.2483 -351.9832 -352.7181 -353.453 -354.18793 -354.92282 -355.72806 -356.57648 -357.4249 -358.27332 -359.1217 -359.97012 -360.72556 -361.29797 -361.8704 -362.4428 -362.79132 -362.9588 -363.12573 -363.33255 -363.54672 -363.76093 -363.9751 -364.18927 -364.40344 -364.6176
-318.13248 -318.75385 -319.3752 -319.99658 -320.61795 -321.23932 -321.98584 -322.84305 -323.70026 -324.55746 -325.41467 -326.27188 -327.1291 -327.9863 -328.8435 -329.58008 -330.3081 -331.0361 -331.76413 -332.60135 -333.4676 -334.3338 -335.20004 -336.06625 -336.93246 -337.7987 -338.66492 -339.50183 -340.3026 -341.10336 -341.90414 -342.7049 -343.5481 -344.39462 -345.24115 -346.08768 -346.9342 -347.7807 -348.62723 -349.47375 -350.21265 -350.94754 -351.68246 -352.41736 -353.16647 -354.0149 -354.8633 -355.71173 -356.56015 -357.40854 -358.25696 -359.10538 -359.76172 -360.33414 -360.90656 -361.20807 -361.37552 -361.5662 -361.78036 -361.99457 -362.20874 -362.4229 -362.6371 -362.85126 -363.06543
-316.10114 -316.7225 -317.3439 -317.96527 -318.58664 -319.208 -319.93414 -320.79135 -321.64856 -322.50574 -323.36295 -324.22015 -325.07736 -325.93457 -326.79178 -327.649 -328.37787 -329.10587 -329.8339 -330.68433 -331.55054 -332.41678 -333.283 -334.14923 -335.01544 -335.88165 -336.7479 -337.6141 -338.4393 -339.24008 -340.04083 -340.85242 -341.69894 -342.54547 -343.392 -344.23853 -345.08502 -345.93155 -346.77808 -347.6246 -348.44208 -349.177 -349.9119 -350.64682 -351.4533 -352.30173 -353.15015 -353.99857 -354.84695 -355.69537 -356.5438 -357.3922 -358.22546 -358.79788 -359.3703 -359.6248 -359.79984 -360.014 -360.22818 -360.44238 -360.65656 -360.87073 -361.0849 -361.29907 -361.51328
-314.06982 -314.6912 -315.31256 -315.93393 -316.5553 -317.17667 -317.88242 -318.73962 -319.59683 -320.45404 -321.31125 -322.16843 -323.02563 -323.88284 -324.74005 -325.59726 -326.4476 -327.17563 -327.90363 -328.7673 -329.6335 -330.49973 -331.36597 -332.23218 -333.09842 -333.96463 -334.83084 -335.69708 -336.5633 -337.37677 -338.17755 -339.00327 -339.8498 -340.69632 -341.54285 -342.38937 -343.23587 -344.0824 -344.92892 -345.77545 -346.62198 -347.40643 -348.14136 -348.89175 -349.74014 -350.58856 -351.43698 -352.2854 -353.1338 -353.9822 -354.83063 -355.67905 -356.52744 -357.26163 -357.83405 -358.0415 -358.24765 -358.46182 -358.676 -358.8902 -359.10437 -359.31854 -359.5327 -359.7469 -359.9611
-312.03848 -312.65988 -313.28125 -313.90262 -314.524 -315.14536 -315.8307 -316.6879 -317.5451 -318.4023 -319.25952 -320.11673 -320.97394 -321.83115 -322.68832 -323.54553 -324.40274 -325.24536 -325.98404 -326.85025 -327.7165 -328.5827 -329.4489 -330.31516 -331.18137 -332.0476 -332.91382 -333.78003 -334.64627 -335.51248 -336.31424 -337.1541 -338.00064 -338.84717 -339.6937 -340.54022 -341.38672 -342.23325 -343.07977 -343.9263 -344.77283 -345.61935 -346.3708 -347.17856 -348.02698 -348.8754 -349.72382 -350.57224 -351.42062 -352.26904 -353.11746 -353.96588 -354.81427 -355.6627 -356.2913 -356.48062 -356.69547 -356.90964 -357.12384 -357.338 -357.5522 -357.76636 -357.98053 -358.1947 -358.4089
