test/UKGEOS_Glasgow/EXPORTS/ASCII(5mCell)/Faults/Fault_f36_50m_GGERFS_Predrill(5m).asc
ncols 206
nrows 77
xllcenter 260000.0
yllcenter 661673.56
cellsize 5.0
nodata_value 10e32
[rows 0 to 26 of 77, columns 61 to 121 of 206]
10e32 10e32 10e32 10e32 10e32 10e32 10e32 10e32 10e32 10e32 10e32 10e32 10e32 10e32 10e32 10e32 10e32 10e32 10e32 10e32 10e32 10e32 10e32 10e32 10e32 10e32 10e32 10e32 10e32 10e32 10e32 10e32 10e32 10e32 10e32 10e32 10e32 10e32 10e32 10e32 10e32 10e32 10e32 10e32 10e32 10e32 10e32 10e32 10e32 10e32 10e32 10e32 10e32 10e32 10e32 10e32 10e32 10e32 10e32 10e32 10e32
-4.9858503 -4.6955786 -4.4053073 -4.1151047 -3.824896 -3.5347152 -3.316314 -3.014781 10e32 10e32 10e32 10e32 10e32 10e32 10e32 10e32 10e32 10e32 10e32 10e32 10e32 10e32 10e32 10e32 10e32 10e32 10e32 10e32 10e32 10e32 10e32 10e32 10e32 10e32 10e32 10e32 10e32 10e32 10e32 10e32 10e32 10e32 10e32 10e32 10e32 10e32 10e32 10e32 10e32 10e32 10e32 10e32 10e32 10e32 10e32 10e32 10e32 10e32 10e32 10e32 10e32
-12.608976 -12.318705 -12.028433 -11.7382345 -11.44803 -11.171048 -11.026951 -10.882757 -10.554344 -10.205933 -9.860816 -9.515699 -9.172664 -8.907959 -8.643054 -8.378284 -8.113487 -7.8515997 -7.603605 -7.3992186 -7.223768 -7.048337 -6.8729215 -6.697506 -6.5220337 -6.3465447 -6.171056 -5.9955673 -5.8200784 -5.6445894 -5.4691005 -5.2936115 -5.1181226 -4.9426413 -4.8784323 -4.8821917 -4.885951 -4.8897104 -4.8934655 -4.8972163 -4.900967 -4.904696 -4.908359 -4.91206 -4.9157605 -4.9196033 -4.9234962 -4.8565226 -4.770214 -4.6803565 -4.608497 -4.5650554 -4.5216975 -4.4782825 -4.4348674 -4.391432 -4.3480115 -4.3057227 -4.2641096 -4.222496 -4.1782794
-20.232101 -19.94183 -19.651558 -19.361347 -19.071165 -18.881416 -18.737318 -18.59322 -18.435125 -18.090754 -17.744732 -17.399614 -17.054499 -16.709381 -16.364265 -16.019148 -15.674032 -15.396506 -15.164269 -14.988837 -14.813349 -14.63786 -14.47429 -14.324752 -14.175215 -14.025678 -13.87614 -13.726603 -13.577065 -13.427527 -13.27799 -13.128452 -12.978915 -12.835585 -12.742769 -12.649953 -12.5571375 -12.464345 -12.468104 -12.471864 -12.475623 -12.479376 -12.483127 -12.486837 -12.490528 -12.494228 -12.498064 -12.48239 -12.393367 -12.303635 -12.24727 -12.203889 -12.160474 -12.117044 -12.073625 -12.030205 -11.986785 -11.943365 -11.899945 -11.856525 -11.813106
-27.855227 -27.564955 -27.274683 -26.984482 -26.735882 -26.591784 -26.447685 -26.303587 -26.15949 -25.97389 -25.628647 -25.283531 -24.938414 -24.593298 -24.24818 -23.903065 -23.557947 -23.2272 -23.025314 -22.843618 -22.69408 -22.544542 -22.395006 -22.245468 -22.09593 -21.946394 -21.796856 -21.647318 -21.49778 -21.348244 -21.198706 -21.049168 -20.899632 -20.786537 -20.693722 -20.600906 -20.508091 -20.415276 -20.32246 -20.229645 -20.13683 -20.054016 -20.057775 -20.061535 -20.065287 -20.068996 -20.072697 -20.076525 -20.014078 -19.929483 -19.88608 -19.842665 -19.799238 -19.755817 -19.712399 -19.668978 -19.625559 -19.582138 -19.53872 -19.495298 -19.45188
-35.47835 -35.18808 -34.897808 -34.607616 -34.446247 -34.30215 -34.158054 -34.013954 -33.869858 -33.725758 -33.512657 -33.167446 -32.82233 -32.47721 -32.132095 -31.78698 -31.441862 -31.234377 -31.032492 -30.830608 -30.628725 -30.465258 -30.315722 -30.166183 -30.016645 -29.86711 -29.717571 -29.568033 -29.418497 -29.268959 -29.119421 -28.969885 -28.830307 -28.737492 -28.644676 -28.551859 -28.459044 -28.366228 -28.273413 -28.180597 -28.087782 -27.994967 -27.902151 -27.809336 -27.716518 -27.643688 -27.647448 -27.651165 -27.639261 -27.568272 -27.52485 -27.48143 -27.438011 -27.39459 -27.351171 -27.357138 -27.415937 -27.47474 -27.533539 -27.592339 -27.65114
-43.10148 -42.811207 -42.520935 -42.300713 -42.156616 -42.012516 -41.86842 -41.724323 -41.580223 -41.436127 -41.29203 -41.051975 -40.706245 -40.36113 -40.01601 -39.670895 -39.44344 -39.241554 -39.03967 -38.837784 -38.635902 -38.434017 -38.236435 -38.0869 -37.937363 -37.787823 -37.638287 -37.48875 -37.33921 -37.189674 -37.04014 -36.8906 -36.78126 -36.688446 -36.59563 -36.50281 -36.409996 -36.31718 -36.224365 -36.13155 -36.038734 -35.94592 -35.853104 -35.76029 -35.667473 -35.574657 -35.481842 -35.389027 -35.284973 -35.346214 -35.405014 -35.463814 -35.522617 -35.581417 -35.640217 -35.699017 -35.757816 -35.816616 -35.87542 -35.93422 -35.99302
-50.776672 -50.459927 -50.15638 -50.01108 -49.86698 -49.722885 -49.57879 -49.43469 -49.290592 -49.146496 -49.002396 -48.8583 -48.59016 -48.245045 -47.899925 -47.6525 -47.450615 -47.24873 -47.04685 -46.844963 -46.643078 -46.441196 -46.23931 -46.037426 -45.858078 -45.70854 -45.559002 -45.409466 -45.25993 -45.11039 -44.960854 -44.825027 -44.732212 -44.639397 -44.54658 -44.453766 -44.36095 -44.268135 -44.17532 -44.082504 -43.98969 -43.896873 -43.804058 -43.711243 -43.56966 -43.382954 -43.196247 -43.009537 -42.907715 -42.94337 -43.288704 -43.66242 -43.864494 -43.923294 -43.982094 -44.040897 -44.099697 -44.158497 -44.217297 -44.276096 -44.334896
-58.64937 -58.420147 -58.190926 -57.993393 -57.79879 -57.604183 -57.40958 -57.214973 -57.02037 -56.85686 -56.712765 -56.568665 -56.42457 -56.12896 -55.86156 -55.659676 -55.45779 -55.25591 -55.054024 -54.85214 -54.650257 -54.44837 -54.246487 -54.044605 -53.84272 -53.640835 -53.479717 -53.33018 -53.180645 -53.031105 -52.88157 -52.77598 -52.683167 -52.59035 -52.497536 -52.40472 -52.311905 -52.21909 -52.126274 -52.03346 -51.85435 -51.66764 -51.480934 -51.294224 -51.107517 -50.920807 -50.7341 -50.549973 -50.58563 -50.621284 -50.72809 -51.101807 -51.47552 -51.84924 -52.222954 -52.382774 -52.441574 -52.500374 -52.559177 -52.617977 -52.676777
-66.68617 -66.456955 -66.22774 -66.02501 -65.83041 -65.6358 -65.44119 -65.24659 -65.05199 -64.85738 -64.66277 -64.46817 -64.27357 -64.08245 -63.876457 -63.670464 -63.46497 -63.263084 -63.061203 -62.859318 -62.657433 -62.45555 -62.253666 -62.05178 -61.8499 -61.648014 -61.44613 -61.250896 -61.10136 -60.95182 -60.81975 -60.726936 -60.63412 -60.541306 -60.44849 -60.325745 -60.139038 -59.952328 -59.76562 -59.57891 -59.392204 -59.205498 -59.018787 -58.83208 -58.64537 -58.458664 -58.271954 -58.227886 -58.263542 -58.2992 -58.334854 -58.54119 -58.91491 -59.288624 -59.662342 -60.036057 -60.409775 -60.78349 -60.901054 -60.959854 -61.018654
-74.722984 -74.49376 -74.26454 -74.056625 -73.86202 -73.66742 -73.47281 -73.278206 -73.0836 -72.889 -72.69439 -72.50386 -72.31441 -72.12496 -71.925446 -71.71945 -71.51346 -71.307465 -71.10147 -70.89548 -70.68948 -70.48349 -70.27749 -70.071495 -69.8655 -69.65951 -69.453514 -69.25142 -69.04954 -68.872536 -68.770706 -68.610435 -68.42373 -68.237015 -68.05031 -67.8636 -67.676895 -67.49018 -67.303474 -67.11677 -66.93006 -66.74335 -66.55664 -66.369934 -66.18323 -65.99652 -65.87014 -65.9058 -65.94145 -65.97711 -66.012764 -66.04842 -66.354294 -66.72801 -67.10173 -67.47544 -67.84916 -68.22288 -68.596596 -68.97031 -69.344025
-82.75979 -82.53057 -82.301346 -82.08824 -81.89364 -81.699036 -81.504425 -81.30982 -81.11522 -80.92487 -80.73543 -80.545975 -80.35652 -80.167076 -79.974434 -79.76844 -79.56245 -79.35645 -79.15046 -78.94446 -78.738464 -78.53247 -78.32648 -78.12048 -77.91449 -77.708496 -77.5025 -77.221664 -76.73663 -76.2516 -76.13245 -76.05867 -75.96158 -75.77487 -75.588165 -75.40146 -75.214745 -75.02804 -74.84133 -74.654625 -74.46791 -74.281204 -74.0945 -73.90779 -73.72108 -73.53437 -73.54806 -73.58371 -73.61937 -73.65502 -73.69068 -73.72633 -73.79368 -74.1674 -74.541115 -74.91483 -75.28854 -75.66226 -76.03598 -76.4097 -76.78341
-90.79659 -90.567375 -90.33816 -90.11986 -89.925255 -89.73065 -89.53604 -89.345894 -89.15644 -88.966995 -88.77754 -88.58809 -88.39864 -88.20919 -88.01974 -87.81743 -87.61143 -87.40543 -87.19944 -86.99345 -86.78745 -86.58146 -86.375465 -86.16947 -85.83224 -85.347206 -84.862175 -84.377144 -83.89212 -83.40709 -83.22643 -83.15265 -83.07887 -83.0051 -82.93132 -82.85754 -82.7526 -82.565895 -82.37919 -82.192474 -82.00577 -81.81906 -81.632355 -81.44564 -81.258934 -81.190315 -81.22597 -81.26163 -81.29728 -81.33294 -81.36859 -81.40424 -81.4399 -81.60678 -81.9805 -82.35422 -82.727936 -83.10165 -83.475365 -83.84908 -84.2228
-98.67618 -98.60419 -98.37496 -98.151474 -97.95687 -97.76691 -97.57746 -97.38801 -97.198555 -97.00911 -96.81966 -96.6302 -96.44076 -96.251305 -96.06185 -95.86641 -95.660416 -95.45442 -95.24843 -95.042435 -94.83644 -94.44282 -93.95779 -93.472755 -92.987724 -92.50269 -92.01766 -91.53263 -91.0476 -90.56257 -90.32041 -90.246635 -90.17285 -90.099075 -90.0253 -89.95152 -89.87774 -89.80396 -89.73019 -89.65641 -89.543625 -89.35692 -89.170204 -88.9835 -88.83257 -88.868225 -88.903885 -88.93954 -88.97519 -89.01085 -89.0465 -89.08216 -89.11781 -89.15347 -89.41988 -89.7936 -90.16732 -90.54104 -90.91475 -91.28847 -91.662186
-105.87536 -105.86577 -105.819595 -105.714615 -105.61596 -105.51831 -105.42066 -105.32302 -105.22537 -105.05122 -104.86177 -104.67232 -104.48287 -104.29342 -104.103966 -103.91452 -103.709404 -103.50341 -103.05339 -102.56836 -102.08333 -101.5983 -101.113266 -100.628235 -100.14321 -99.65818 -99.17315 -98.68812 -98.20309 -97.718056 -97.41439 -97.340614 -97.26684 -97.193054 -97.11928 -97.0455 -96.971725 -96.89794 -96.824165 -96.75039 -96.67661 -96.60283 -96.52905 -96.45528 -96.51048 -96.546135 -96.581795 -96.61745 -96.65311 -96.68876 -96.72442 -96.76007 -96.79573 -96.83138 -96.86704 -97.23299 -97.606705 -97.98042 -98.35414 -98.72785 -98.79336
-112.93506 -112.837494 -112.73487 -112.620514 -112.51635 -112.4187 -112.32105 -112.223404 -112.125755 -112.02811 -111.93046 -111.83281 -111.73516 -111.63751 -111.53986 -111.27354 -111.03394 -110.69391 -110.20888 -109.72385 -109.238815 -108.753784 -108.26875 -107.78372 -107.29869 -106.81366 -106.32863 -105.843605 -105.358574 -104.87354 -104.50837 -104.43459 -104.36082 -104.28704 -104.21326 -104.13948 -104.065704 -103.99193 -103.918144 -103.84437 -103.77059 -103.63338 -103.27209 -102.9108 -102.81699 -103.01918 -103.22136 -103.423546 -103.62573 -103.82792 -104.0301 -104.232285 -104.43447 -104.50929 -104.54495 -104.67238 -105.04609 -105.03851 -105.02745 -105.01639 -105.005325
-119.85539 -119.75512 -119.64077 -119.52641 -119.41673 -119.319084 -119.221436 -119.12379 -119.02614 -118.92849 -118.83084 -118.7332 -118.63555 -118.5379 -118.09655 -117.37989 -117.34173 -117.203186 -116.96343 -116.72369 -116.3943 -115.90927 -115.42424 -114.93921 -114.45418 -113.96915 -113.484116 -112.999084 -112.51405 -112.02902 -111.60235 -111.52857 -111.454796 -111.38102 -111.30724 -111.23346 -111.15968 -111.08591 -111.01213 -110.790726 -110.429436 -110.068146 -109.706856 -109.345566 -109.11426 -109.316444 -109.51862 -109.72081 -109.923 -110.12518 -110.32736 -110.52955 -110.731735 -110.93392 -111.1361 -111.22436 -111.26154 -111.25048 -111.23942 -111.228355 -111.21729
-126.775375 -126.66102 -126.54667 -126.43231 -126.317955 -126.21947 -126.121826 -126.02418 -125.92653 -125.82888 -125.73123 -125.63358 -125.535934 -124.91956 -124.13134 -123.617836 -123.57967 -123.541504 -123.37243 -123.132675 -122.89293 -122.653175 -122.41342 -122.094696 -121.609665 -121.12463 -120.6396 -120.15457 -119.66954 -119.18451 -118.69948 -118.62255 -118.548775 -118.475 -118.40122 -118.327446 -118.25366 -117.948074 -117.586784 -117.225494 -116.864204 -116.502914 -116.141624 -115.780334 -115.419044 -115.61371 -115.81589 -116.018074 -116.22026 -116.42245 -116.624626 -116.82681 -117.029 -117.231186 -117.29654 -117.36007 -117.42361 -117.46245 -117.451385 -117.44032 -117.42926
-133.68127 -133.56693 -133.45256 -133.33821 -133.22386 -133.11986 -133.0222 -132.92456 -132.82692 -132.72926 -132.63162 -132.53079 -131.74257 -130.95436 -130.16614 -129.85579 -129.81763 -129.77945 -129.74129 -129.54167 -129.30193 -129.06216 -128.82242 -128.58267 -128.34291 -128.10316 -127.79509 -127.31006 -126.82503 -126.34 -125.854965 -125.71654 -125.64275 -125.56898 -125.466705 -125.10542 -124.74413 -124.38284 -124.02155 -123.66026 -123.29897 -122.93768 -122.57639 -122.2151 -121.85381 -121.91097 -122.11315 -122.31534 -122.517525 -122.71971 -122.92189 -123.12408 -123.30518 -123.36871 -123.43225 -123.49578 -123.55932 -123.62285 -123.66335 -123.6523 -123.641235
-140.58717 -140.47282 -140.35846 -140.24411 -140.12976 -140.02025 -139.92259 -139.82495 -139.7273 -139.62965 -139.3538 -138.56558 -137.77737 -136.98915 -136.20093 -136.09373 -136.05557 -136.01741 -135.97923 -135.94107 -135.71092 -135.47116 -135.23141 -134.99167 -134.7519 -134.51216 -134.2724 -134.03265 -133.79291 -133.49548 -133.01045 -132.81052 -132.62405 -132.26277 -131.90147 -131.54019 -131.1789 -130.81761 -130.45631 -130.09503 -129.73375 -129.37245 -129.01117 -128.64987 -128.28859 -128.20824 -128.41042 -128.61261 -128.81479 -129.01697 -129.21916 -129.37737 -129.44089 -129.50443 -129.56796 -129.6315 -129.69502 -129.75856 -129.8221 -129.86426 -129.8532
-147.49307 -147.37872 -147.26436 -147.15001 -147.03566 -146.9213 -146.82298 -146.72533 -146.62769 -146.17682 -145.38861 -144.60039 -143.81216 -143.02394 -142.36984 -142.33168 -142.29352 -142.25536 -142.21718 -142.17902 -142.1199 -141.88016 -141.64041 -141.40065 -141.1609 -140.92116 -140.6814 -140.44165 -140.2019 -139.89462 -139.46918 -139.16534 -139.01163 -138.69754 -138.33624 -137.97496 -137.61366 -137.25238 -136.89108 -136.5298 -136.16852 -135.80722 -135.44594 -135.08464 -134.72336 -134.5055 -134.70769 -134.90987 -135.11206 -135.31424 -135.44954 -135.51308 -135.5766 -135.64014 -135.70367 -135.76721 -135.83073 -135.89427 -135.95781 -136.02135 -136.06517
-154.0031 -154.25908 -154.17026 -154.05591 -153.94154 -153.8272 -153.72336 -153.62572 -152.99983 -152.21162 -151.4234 -150.63518 -149.84695 -149.05875 -148.60779 -148.56963 -148.53146 -148.4933 -148.45514 -148.41696 -148.3788 -148.28915 -148.04941 -147.80965 -147.5699 -147.3098 -146.88435 -146.45891 -146.03346 -145.60803 -145.18259 -144.7822 -144.62846 -144.47475 -144.32101 -144.1673 -144.01357 -143.68715 -143.32587 -142.96457 -142.60329 -142.24199 -141.8807 -141.51941 -141.15813 -140.80276 -141.00494 -141.20714 -141.40932 -141.52171 -141.58525 -141.64879 -141.71231 -141.77585 -141.83939 -141.90292 -141.96645 -142.02998 -142.09352 -142.15706 -142.22058
-159.43445 -159.69041 -159.9464 -160.20238 -160.45836 -160.71434 -160.61107 -159.82285 -159.03464 -158.24641 -157.45819 -156.66997 -155.88176 -155.09354 -154.84575 -154.80757 -154.76941 -154.73125 -154.69308 -154.65492 -154.61674 -154.57858 -154.29953 -153.87408 -153.44864 -153.0232 -152.59776 -152.17232 -151.74687 -151.32143 -150.89598 -150.47055 -150.24532 -150.0916 -149.93787 -149.78415 -149.63042 -149.4767 -149.32297 -149.16925 -149.01552 -148.67676 -148.31548 -147.95418 -147.5929 -147.2316 -147.30222 -147.5044 -147.5939 -147.65742 -147.72096 -147.7845 -147.84802 -147.91156 -147.9751 -148.03864 -148.10216 -148.1657 -148.22923 -148.247 -148.24878
-164.86578 -165.12177 -165.37775 -165.63371 -165.8897 -165.95677 -165.63548 -165.31418 -164.99287 -164.2812 -163.49298 -162.70477 -161.91655 -161.12833 -161.0837 -161.04553 -161.00735 -160.9692 -160.84843 -160.45575 -160.06306 -159.67038 -159.56412 -159.46805 -159.16205 -158.7366 -158.31116 -157.88571 -157.46027 -157.03484 -156.60939 -156.18394 -155.86217 -155.70844 -155.55472 -155.40099 -155.24727 -155.09354 -154.93982 -154.78609 -154.63237 -154.47864 -154.32492 -154.17119 -154.01747 -153.66637 -153.59947 -153.66608 -153.72961 -153.79314 -153.80159 -153.80338 -153.80516 -153.80695 -153.80875 -153.81053 -153.81232 -153.8141 -153.81589 -153.81767 -153.81946
-170.29712 -170.5531 -170.80908 -171.06506 -170.94693 -170.62563 -170.30432 -169.98303 -169.66173 -169.34042 -169.01913 -168.69783 -167.95134 -167.3598 -167.32164 -167.05545 -166.66277 -166.27008 -165.8774 -165.48473 -165.09204 -164.81773 -164.72166 -164.6256 -164.52954 -164.43347 -164.02457 -163.59912 -163.17368 -162.74823 -162.32278 -161.89735 -161.47902 -161.32529 -161.17157 -161.01784 -160.86412 -160.71039 -160.55667 -160.40294 -160.24922 -160.09549 -159.94177 -159.78804 -159.63432 -159.46083 -159.3692 -159.36691 -159.3687 -159.3705 -159.37228 -159.37407 -159.37585 -159.37764 -159.37943 -159.38121 -159.383 -159.38478 -159.38658 -159.38837 -159.3755
-175.72847 -175.98445 -176.24043 -175.93707 -175.61577 -175.29446 -174.97318 -174.65187 -174.33058 -174.00928 -173.68797 -173.3603 -172.9977 -172.71817 -172.47711 -172.08443 -171.69174 -171.29906 -170.90637 -170.51369 -170.121 -169.9753 -169.87923 -169.78316 -169.68709 -169.59103 -169.49496 -169.31252 -168.88707 -168.46164 -168.0362 -167.61075 -167.1853 -166.94214 -166.78842 -166.63469 -166.48097 -166.32724 -166.17352 -166.01979 -165.86607 -165.71234 -165.55861 -165.38446 -165.2012 -165.01794 -164.96701 -164.93945 -164.93939 -164.94118 -164.94296 -164.94475 -164.94653 -164.94833 -164.95012 -164.9519 -164.95369 -164.95547 -164.95726 -164.95905 -164.8461
-181.1598 -181.24852 -180.92722 -180.60591 -180.28462 -179.96332 -179.64201 -179.32072 -178.96748 -178.60487 -178.24226 -177.87965 -177.51704 -177.28662 -177.07161 -176.85661 -176.6416 -176.32802 -175.93533 -175.54266 -175.22891 -175.13284 -175.03677 -174.94072 -174.84465 -174.74858 -174.65253 -174.55646 -174.46039 -174.17503 -173.74959 -173.32416 -172.89871 -172.55899 -172.40526 -172.25154 -172.09781 -171.94409 -171.79036 -171.63664 -171.48291 -171.3081 -171.12485 -170.94157 -170.75832 -170.59235 -170.5648 -170.53726 -170.51009 -170.51187 -170.51366 -170.51544 -170.51723 -170.51901 -170.5208 -170.52258 -170.52437 -170.52617 -170.52795 -170.46927 -170.3167
