test/UKGEOS_Glasgow/EXPORTS/ASCII(5mCell)/Faults/Fault_Blythswood_50m_GGERFS_Predrill(5m).asc
ncols 516
nrows 229
xllcenter 260000.0
yllcenter 662430.06
cellsize 5.0
nodata_value 10e32
[rows 0 to 31 of 229, columns 72 to 143 of 516]
10e32 10e32 10e32 10e32 10e32 10e32 10e32 10e32 10e32 10e32 10e32 10e32 10e32 10e32 10e32 10e32 10e32 10e32 10e32 10e32 10e32 10e32 10e32 10e32 10e32 10e32 10e32 10e32 10e32 10e32 10e32 10e32 10e32 10e32 10e32 10e32 10e32 10e32 10e32 10e32 10e32 10e32 10e32 10e32 10e32 10e32 10e32 10e32 10e32 10e32 10e32 10e32 10e32 10e32 10e32 10e32 10e32 10e32 10e32 10e32 10e32 10e32 10e32 10e32 10e32 10e32 10e32 10e32 10e32 10e32 10e32 10e32
10e32 10e32 10e32 10e32 10e32 10e32 10e32 10e32 10e32 10e32 10e32 10e32 10e32 10e32 10e32 10e32 10e32 10e32 10e32 10e32 10e32 10e32 10e32 10e32 10e32 10e32 10e32 10e32 10e32 10e32 10e32 10e32 10e32 10e32 10e32 10e32 10e32 10e32 10e32 10e32 10e32 10e32 10e32 10e32 10e32 10e32 10e32 10e32 10e32 10e32 10e32 10e32 10e32 10e32 10e32 10e32 10e32 10e32 10e32 10e32 10e32 10e32 10e32 10e32 10e32 10e32 10e32 10e32 10e32 10e32 10e32 10e32
10e32 10e32 10e32 10e32 10e32 10e32 10e32 10e32 10e32 10e32 10e32 10e32 10e32 10e32 10e32 10e32 10e32 10e32 10e32 10e32 10e32 10e32 10e32 10e32 10e32 10e32 10e32 10e32 10e32 10e32 10e32 10e32 10e32 10e32 10e32 10e32 10e32 10e32 10e32 10e32 10e32 10e32 10e32 10e32 10e32 10e32 10e32 10e32 10e32 10e32 10e32 10e32 10e32 10e32 10e32 10e32 10e32 10e32 10e32 10e32 10e32 10e32 10e32 10e32 10e32 10e32 10e32 10e32 10e32 10e32 10e32 10e32
10e32 10e32 10e32 10e32 10e32 10e32 10e32 10e32 10e32 10e32 10e32 10e32 10e32 10e32 10e32 10e32 10e32 10e32 10e32 10e32 10e32 10e32 10e32 10e32 10e32 10e32 10e32 10e32 10e32 10e32 10e32 10e32 10e32 10e32 10e32 10e32 10e32 10e32 10e32 10e32 10e32 10e32 10e32 10e32 10e32 10e32 10e32 10e32 10e32 10e32 10e32 10e32 10e32 10e32 10e32 10e32 10e32 10e32 10e32 10e32 10e32 10e32 10e32 10e32 10e32 10e32 10e32 10e32 10e32 10e32 10e32 10e32
10e32 10e32 10e32 10e32 10e32 10e32 10e32 10e32 10e32 10e32 10e32 10e32 10e32 10e32 10e32 10e32 10e32 10e32 10e32 10e32 10e32 10e32 10e32 10e32 10e32 10e32 10e32 10e32 10e32 10e32 10e32 10e32 10e32 10e32 10e32 10e32 10e32 10e32 10e32 10e32 10e32 10e32 10e32 10e32 10e32 10e32 10e32 10e32 10e32 10e32 10e32 10e32 10e32 10e32 10e32 10e32 10e32 10e32 10e32 10e32 10e32 10e32 10e32 10e32 10e32 10e32 10e32 10e32 10e32 10e32 10e32 10e32
10e32 10e32 10e32 10e32 10e32 10e32 10e32 10e32 10e32 10e32 10e32 10e32 10e32 10e32 10e32 10e32 10e32 10e32 10e32 10e32 10e32 10e32 10e32 10e32 10e32 10e32 10e32 10e32 10e32 10e32 10e32 10e32 10e32 10e32 10e32 10e32 10e32 10e32 10e32 10e32 10e32 10e32 10e32 10e32 10e32 10e32 10e32 10e32 10e32 10e32 10e32 10e32 10e32 10e32 10e32 10e32 10e32 10e32 10e32 10e32 10e32 10e32 10e32 10e32 10e32 10e32 10e32 10e32 10e32 10e32 10e32 10e32
-34.19338 -33.36251 -32.362934 -31.571245 -30.779245 -29.987244 -29.195473 -28.403574 -27.611675 -26.81983 10e32 10e32 10e32 10e32 10e32 10e32 10e32 10e32 10e32 10e32 10e32 10e32 10e32 10e32 10e32 10e32 10e32 10e32 10e32 10e32 10e32 10e32 10e32 10e32 10e32 10e32 10e32 10e32 10e32 10e32 10e32 10e32 10e32 10e32 10e32 10e32 10e32 10e32 10e32 10e32 10e32 10e32 10e32 10e32 10e32 10e32 10e32 10e32 10e32 10e32 10e32 10e32 10e32 10e32 10e32 10e32 10e32 10e32 10e32 10e32 10e32 10e32
-46.515835 -45.624374 -44.535355 -43.44633 -42.50009 -41.708176 -40.916176 -40.124382 -39.33248 -38.540585 -37.74875 -36.95688 -36.16501 -35.695183 -35.261074 -34.826965 -34.392326 -33.95824 -33.524155 -33.089874 -32.655685 -32.221493 -31.7873 -31.353107 -30.769434 -30.235588 -29.701742 -29.167898 -28.634052 -28.100206 -27.566341 -27.032337 -26.498335 -25.964388 -25.430716 -24.897043 -24.363369 -23.829695 -23.296019 -22.762344 -23.081003 -23.634674 -24.188343 -24.669323 -25.01692 -25.36452 -25.71222 -26.059727 -26.407213 -26.892567 -27.386276 -27.879957 -28.373692 -28.867426 -29.361158 -29.854893 -30.348627 -30.752556 -30.826813 -30.883348 -30.939882 -30.996418 -31.052954 -31.10949 -31.166025 -31.222559 -31.279095 -31.33563 -31.392166 -31.448702 -31.505238 -31.561771
-58.83829 -57.79709 -56.70807 -55.619045 -54.530025 -53.441 -52.637108 -51.845108 -51.053288 -50.26139 -49.469536 -48.677666 -47.910778 -47.47667 -47.04256 -46.608025 -46.17394 -45.739746 -45.305553 -44.871365 -44.437172 -43.927097 -43.149227 -42.371357 -41.649113 -41.07501 -40.500904 -39.929806 -39.395958 -38.862114 -38.328266 -37.794422 -37.26056 -36.72656 -36.192554 -35.658806 -35.125134 -34.59146 -34.057785 -33.524113 -33.800407 -34.354076 -34.907665 -35.461143 -36.01462 -36.5681 -36.934223 -37.28189 -37.62937 -38.109364 -38.603054 -39.09679 -39.590523 -40.04248 -40.303635 -40.564793 -40.825947 -41.12747 -41.461777 -41.79609 -41.870285 -41.926823 -41.983356 -42.03989 -42.096428 -42.15296 -42.2095 -42.266033 -42.322567 -42.379105 -42.43564 -42.492176
-71.05883 -69.9698 -68.88078 -67.79176 -66.702736 -65.613716 -64.5247 -63.56604 -62.774036 -61.982197 -61.190296 -60.398453 -59.692265 -59.258152 -58.823723 -58.389637 -57.955425 -57.521233 -57.087044 -56.45976 -55.68189 -54.90402 -54.126152 -53.34828 -52.57041 -51.97207 -51.39797 -50.823864 -50.24976 -49.675655 -49.10155 -48.556328 -48.022484 -47.48864 -46.95478 -46.420776 -45.886898 -45.353226 -44.819553 -44.285877 -44.51981 -45.073475 -45.626953 -46.180435 -46.733913 -47.28739 -47.84087 -48.39435 -48.85153 -49.326153 -49.604065 -49.86522 -50.126377 -50.387535 -50.64869 -50.909847 -51.171 -51.50238 -51.836693 -52.171 -52.505314 -52.839622 -52.913757 -52.970295 -53.02683 -53.083366 -53.1399 -53.196434 -53.25297 -53.309505 -53.366043 -53.422577
-83.231544 -82.14252 -81.0535 -79.96448 -78.87545 -77.78643 -76.69741 -75.60839 -74.51936 -73.70297 -72.9111 -72.11924 -71.47375 -71.03942 -70.60533 -70.171104 -69.736916 -68.99242 -68.21455 -67.43668 -66.65881 -65.88094 -65.10307 -64.3252 -63.547337 -62.869133 -62.29503 -61.720924 -61.14682 -60.57272 -59.998615 -59.42451 -58.850407 -58.276302 -57.7167 -57.182854 -56.649 -56.114994 -55.58132 -55.047646 -55.23921 -55.792767 -56.346245 -56.899723 -57.4532 -58.00668 -58.477753 -58.873306 -59.26886 -59.664417 -59.94912 -60.210274 -60.47143 -60.73259 -60.993744 -61.2549 -61.54298 -61.877293 -62.211605 -62.545914 -62.880226 -63.214535 -63.548847 -63.883156 -63.957233 -64.01377 -64.070305 -64.12684 -64.18337 -64.23991 -64.29645 -64.35298
-94.48786 -93.59982 -92.71179 -91.82375 -90.935715 -89.959145 -88.870125 -87.781105 -86.69208 -85.60306 -84.6319 -83.84003 -83.25523 -82.82098 -82.30295 -81.52508 -80.74721 -79.96934 -79.191475 -78.413605 -77.635735 -76.857864 -76.079994 -75.302124 -74.52426 -73.7662 -73.19209 -72.61799 -72.043884 -71.46978 -70.895676 -70.32157 -69.74747 -69.17336 -68.599266 -68.02516 -67.45106 -66.87707 -66.343216 -65.80941 -65.95858 -66.512054 -67.05534 -67.4509 -67.84645 -68.242004 -68.637566 -69.03312 -69.42867 -69.82423 -70.21978 -70.55533 -70.81649 -71.077644 -71.3388 -71.59995 -71.91789 -72.252205 -72.58652 -72.92083 -73.255135 -73.58945 -73.92376 -74.25807 -74.59238 -74.92669 -75.0007 -75.05724 -75.11378 -75.17031 -75.226845 -75.28338
-105.412155 -104.52412 -103.63608 -102.74804 -101.86 -100.97197 -100.08393 -99.19589 -98.30785 -97.419815 -96.53178 -95.597725 -94.83561 -94.05774 -93.27987 -92.502 -91.72414 -90.946266 -90.168396 -89.390526 -88.612656 -87.834785 -87.05692 -86.27905 -85.50118 -84.72331 -84.08915 -83.515045 -82.94095 -82.366844 -81.79274 -81.218636 -80.64453 -80.07043 -79.49632 -78.92222 -78.348114 -77.77401 -77.19991 -76.74544 -76.64739 -76.90418 -77.21516 -77.61071 -78.00626 -78.40182 -78.79737 -79.19293 -79.588486 -79.98404 -80.37959 -80.77515 -81.161545 -81.4227 -81.68385 -81.958496 -82.29281 -82.62712 -82.961426 -83.29574 -83.63005 -83.96436 -84.29867 -84.63298 -84.96729 -85.301605 -85.63592 -85.97022 -86.04418 -86.100716 -86.15725 -86.26731
-116.33644 -115.4484 -114.56037 -113.67233 -112.784294 -111.896255 -111.00822 -110.12018 -109.23215 -108.37854 -107.636314 -106.89409 -106.08202 -105.21675 -104.35147 -103.4862 -102.70106 -101.92319 -101.14532 -100.36745 -99.58958 -98.811714 -98.033844 -97.255974 -96.4781 -95.70023 -94.98621 -94.41211 -93.838005 -93.2639 -92.6898 -92.1157 -91.541595 -90.96749 -90.39339 -89.81928 -89.38382 -89.0619 -88.739975 -88.41806 -88.09614 -88.142624 -88.39941 -88.65619 -88.91297 -89.16976 -89.426544 -89.68333 -89.94012 -90.1969 -90.539406 -90.93496 -91.33051 -91.72607 -92.02891 -92.33341 -92.66772 -93.00203 -93.33634 -93.670654 -94.00496 -94.33927 -94.673584 -95.0079 -95.34221 -95.67651 -96.010826 -96.34514 -96.67945 -97.013756 -97.087654 -97.29042
-127.260735 -126.372696 -125.48466 -124.59662 -123.70858 -122.82055 -121.93251 -121.177536 -120.43531 -119.69308 -118.95085 -118.208626 -117.42234 -116.55706 -115.69179 -114.82651 -113.961235 -113.09596 -112.23068 -111.36541 -110.566505 -109.788635 -109.010765 -108.232895 -107.455025 -106.67716 -105.89929 -105.30917 -104.73507 -104.160965 -103.58686 -103.01276 -102.43865 -102.022194 -101.70027 -101.37836 -101.056435 -100.73451 -100.4126 -100.090675 -99.76875 -99.44684 -99.63785 -99.89463 -100.15141 -100.4082 -100.664986 -100.92177 -101.17856 -101.43534 -101.69212 -101.94891 -102.205696 -102.46248 -102.72108 -103.023994 -103.3702 -103.7164 -104.0626 -104.408806 -104.755005 -105.101204 -105.4474 -105.79361 -106.13981 -106.48601 -106.832214 -107.17841 -107.52461 -107.81684 -108.09231 -108.4036
-138.18503 -137.29698 -136.40895 -135.5209 -134.71877 -133.97653 -133.2343 -132.49208 -131.74985 -131.00761 -130.2654 -129.52316 -128.76265 -127.89738 -127.032104 -126.166824 -125.30155 -124.43627 -123.571 -122.70573 -121.84045 -120.975174 -120.10989 -119.24462 -118.43195 -117.65408 -116.87621 -116.20624 -115.63213 -115.05803 -114.66057 -114.33865 -114.01673 -113.69481 -113.372894 -113.05097 -112.72905 -112.407135 -112.08521 -111.76329 -111.441376 -111.11945 -110.87629 -111.13307 -111.389854 -111.646645 -111.90343 -112.16021 -112.417 -112.67378 -112.930565 -113.187355 -113.44549 -113.705505 -113.965515 -114.22553 -114.537476 -114.88368 -115.22988 -115.57608 -115.92228 -116.268486 -116.614685 -116.960884 -117.30709 -117.65329 -117.98862 -118.25732 -118.52601 -118.79471 -119.068794 -119.38008
-149.10931 -148.25998 -147.51776 -146.77553 -146.0333 -145.29108 -144.54884 -143.80661 -143.06438 -142.32216 -141.57993 -140.83769 -140.09547 -139.2377 -138.37242 -137.50714 -136.64186 -135.7766 -134.91132 -134.04604 -133.18076 -132.31549 -131.45021 -130.58493 -129.71967 -128.85439 -127.989105 -127.38066 -126.97703 -126.655106 -126.33319 -126.01127 -125.68935 -125.36743 -125.04551 -124.72359 -124.40167 -124.07975 -123.75783 -123.43591 -123.11399 -122.79207 -122.47015 -122.37151 -122.628296 -122.885086 -123.14187 -123.39865 -123.65544 -123.912224 -124.1699 -124.42992 -124.68993 -124.94994 -125.20996 -125.46997 -125.72999 -126.05096 -126.39716 -126.74336 -127.08956 -127.43576 -127.78197 -128.12816 -128.4291 -128.69778 -128.96649 -129.23518 -129.50388 -129.77257 -130.04527 -130.35657
-160.31468 -159.57327 -158.83188 -158.09006 -157.34784 -156.6056 -155.86337 -155.12115 -154.37892 -153.63669 -152.89447 -152.15224 -151.41 -150.578 -149.71274 -148.84746 -147.98218 -147.11691 -146.25163 -145.38635 -144.52107 -143.6558 -142.81096 -142.18124 -141.55153 -140.92183 -140.29211 -139.6624 -139.18759 -138.77695 -138.36629 -137.95564 -137.545 -137.13435 -136.7237 -136.39621 -136.0743 -135.75237 -135.43045 -135.10854 -134.7866 -134.46469 -134.14278 -133.82085 -133.86674 -134.12352 -134.38031 -134.6371 -134.89432 -135.15433 -135.41435 -135.67436 -135.93437 -136.19438 -136.4544 -136.71442 -136.97443 -137.23445 -137.56444 -137.91064 -138.25684 -138.60088 -138.86957 -139.13826 -139.40695 -139.67566 -139.94435 -140.21304 -140.48174 -140.75044 -141.02176 -141.33304
-171.62541 -170.884 -170.14261 -169.40121 -168.6598 -167.91841 -167.177 -166.43561 -165.69347 -164.95123 -164.209 -163.46678 -162.72455 -161.91832 -161.05305 -160.18777 -159.3225 -158.45721 -157.64038 -157.01067 -156.38095 -155.75124 -155.12152 -154.4918 -153.86209 -153.23239 -152.60268 -151.97296 -151.40518 -150.99452 -150.58388 -150.17323 -149.76257 -149.35193 -148.94128 -148.53064 -148.11998 -147.70934 -147.29869 -146.88805 -146.47739 -146.13731 -145.81538 -145.49347 -145.17155 -145.36197 -145.61876 -145.87874 -146.13876 -146.39877 -146.65878 -146.91881 -147.17882 -147.43883 -147.69884 -147.95886 -148.21887 -148.47888 -148.7389 -149.04135 -149.31004 -149.57874 -149.84743 -150.11613 -150.38483 -150.65352 -150.92221 -151.1909 -151.45961 -151.7283 -151.99825 -152.30952
-182.93614 -182.19473 -181.45334 -180.71194 -179.97054 -179.22914 -178.48773 -177.74634 -177.00494 -176.26353 -175.52214 -174.78075 -174.03908 -173.25864 -172.46979 -171.84007 -171.21036 -170.58066 -169.95094 -169.32123 -168.69151 -168.0618 -167.43208 -166.80237 -166.17265 -165.54295 -164.91324 -164.28352 -163.65381 -163.21211 -162.80147 -162.39081 -161.98016 -161.56952 -161.15886 -160.74821 -160.33757 -159.92693 -159.51627 -159.10562 -158.69498 -158.28432 -157.87367 -157.46303 -157.00902 -156.75423 -156.96043 -157.2332 -157.50597 -157.77873 -158.0515 -158.32426 -158.59703 -158.8698 -159.14256 -159.41533 -159.6881 -159.96085 -160.23361 -160.47733 -160.69887 -160.92041 -161.14194 -161.36348 -161.58502 -161.80656 -162.02809 -162.24963 -162.47118 -162.70616 -162.97487 -163.26793
-194.25536 -193.50546 -192.76407 -192.02267 -191.28127 -190.53987 -189.79848 -189.05707 -188.31567 -187.57426 -186.83287 -186.21504 -185.79897 -185.3829 -184.93626 -184.25685 -183.57745 -182.89806 -182.2615 -181.63179 -181.00208 -180.37236 -179.74265 -179.11293 -178.48322 -177.85352 -177.2238 -176.59409 -175.96437 -175.42969 -175.01904 -174.6084 -174.19774 -173.7871 -173.37645 -172.9658 -172.55515 -172.1445 -171.73386 -171.32321 -170.83713 -170.34804 -169.85895 -169.36986 -168.88075 -168.66014 -168.83017 -169.0002 -169.17023 -169.34026 -169.58766 -169.86043 -170.1332 -170.40594 -170.67871 -170.95148 -171.22424 -171.49701 -171.76978 -172.0271 -172.24864 -172.47017 -172.69171 -172.91325 -173.1348 -173.35632 -173.57787 -173.79941 -173.9355 -173.99344 -174.05136 -174.27293
-205.57698 -204.8162 -204.0748 -203.3334 -202.592 -201.8506 -201.1092 -200.3678 -199.66592 -199.24985 -198.83377 -198.4177 -198.00163 -197.58556 -197.16948 -196.7534 -196.17119 -195.49178 -194.81238 -194.13298 -193.45358 -192.77417 -192.09477 -191.4235 -190.79378 -190.16408 -189.53436 -188.90465 -188.27493 -187.64728 -187.23663 -186.82597 -186.41533 -186.00468 -185.59402 -185.15434 -184.66525 -184.17616 -183.68706 -183.19797 -182.70888 -182.21977 -181.73068 -181.2416 -180.7525 -180.56604 -180.73607 -180.90611 -181.07614 -181.24617 -181.4162 -181.58623 -181.75626 -181.94211 -182.21487 -182.48764 -182.7604 -183.03317 -183.30594 -183.57687 -183.7984 -184.01994 -184.24149 -184.46301 -184.68456 -184.84839 -184.90631 -184.96425 -185.02219 -185.08011 -185.13805 -185.295
-216.89862 -216.12692 -215.38553 -214.64413 -213.90273 -213.16133 -212.70071 -212.28465 -211.86858 -211.4525 -211.03642 -210.62035 -210.20428 -209.78821 -209.37213 -208.95605 -208.53998 -208.08551 -207.40611 -206.72672 -206.0473 -205.3679 -204.6885 -204.0091 -203.3297 -202.6503 -201.9709 -201.29149 -200.61209 -199.95578 -199.45421 -198.98247 -198.49338 -198.00427 -197.51518 -197.0261 -196.53699 -196.0479 -195.5588 -195.0697 -194.58061 -194.09152 -193.60242 -193.11333 -192.62424 -192.47195 -192.64198 -192.81201 -192.98204 -193.15207 -193.32211 -193.49214 -193.66217 -193.8322 -194.00223 -194.17226 -194.34229 -194.56932 -194.84209 -195.11485 -195.34818 -195.56972 -195.76126 -195.8192 -195.87714 -195.93506 -195.993 -196.05093 -196.10886 -196.1668 -196.22473 -196.31705
-228.22026 -227.43767 -226.69626 -226.1516 -225.73552 -225.31944 -224.90338 -224.4873 -224.07123 -223.65515 -223.23907 -222.82301 -222.40694 -221.99086 -221.57478 -221.1587 -220.74265 -220.32657 -219.91049 -219.32043 -218.64104 -217.91573 -217.14839 -216.38106 -215.61374 -214.8464 -214.07907 -213.31174 -212.5444 -211.77707 -211.22766 -210.7669 -210.30614 -209.84537 -209.38461 -208.89783 -208.40874 -207.91963 -207.43054 -206.94145 -206.45235 -205.96326 -205.47417 -204.98506 -204.49597 -204.37787 -204.5479 -204.71793 -204.88795 -205.05798 -205.22801 -205.39804 -205.56807 -205.73811 -205.90814 -206.07817 -206.2482 -206.41823 -206.58826 -206.58443 -206.72174 -206.78995 -206.84795 -206.90588 -206.9638 -207.02174 -207.07968 -207.1376 -207.19554 -207.25348 -207.31142 -207.36934
-238.7232 -238.2945 -237.79727 -237.30003 -236.80281 -236.30557 -235.80835 -235.31111 -234.81389 -234.31665 -233.81943 -233.32219 -232.82497 -232.32773 -231.8305 -231.33327 -230.83604 -230.40735 -230.15083 -229.93506 -229.75258 -229.55882 -228.79149 -228.02415 -227.25682 -226.48949 -225.72215 -224.95482 -224.18748 -223.42017 -222.94315 -222.48238 -222.0216 -221.56085 -221.10008 -220.63933 -220.17856 -219.71779 -219.25703 -218.79626 -218.3241 -217.83499 -217.3459 -216.85681 -216.3677 -216.28377 -216.4538 -216.62384 -216.79387 -216.9639 -217.13393 -217.2501 -217.19617 -217.14223 -217.08827 -217.03433 -216.9804 -216.92644 -217.01685 -217.33336 -217.64989 -217.7796 -217.84781 -217.91603 -217.98424 -218.05244 -218.12065 -218.18886 -218.25706 -218.32527 -218.39348 -218.45602
-248.02412 -247.61032 -247.19138 -246.69415 -246.19691 -245.69969 -245.20245 -244.70523 -244.208 -243.71077 -243.21353 -242.7163 -242.21907 -241.72183 -241.22461 -240.86299 -240.60648 -240.34996 -240.09344 -239.89096 -239.70847 -239.52597 -239.34348 -239.16098 -238.89992 -238.13258 -237.36525 -236.59792 -235.83058 -235.11938 -234.65862 -234.19786 -233.73709 -233.27632 -232.81557 -232.3548 -231.89403 -231.43327 -230.9725 -230.51173 -230.05098 -229.59021 -229.12944 -228.66869 -227.94965 -227.8079 -227.75397 -227.70001 -227.64607 -227.59213 -227.5382 -227.48424 -227.4303 -227.37636 -227.3224 -227.26846 -227.21452 -227.5203 -227.83682 -228.15335 -228.46986 -228.76926 -228.83748 -228.90569 -228.97389 -229.0421 -229.1103 -229.17851 -229.24672 -229.31493 -229.3229 -229.20934
-257.32504 -256.91125 -256.49744 -256.08362 -255.59102 -255.0938 -254.59656 -254.09933 -253.6021 -253.10487 -252.60764 -252.11041 -251.61317 -251.31863 -251.06212 -250.8056 -250.54909 -250.29259 -250.03607 -249.84685 -249.66435 -249.48186 -249.29936 -249.11687 -248.93437 -248.75188 -248.56938 -248.24101 -247.47368 -246.83485 -246.3741 -245.91333 -245.45256 -244.9918 -244.48817 -243.7552 -243.02223 -242.28926 -241.55629 -240.82332 -240.09035 -239.35739 -238.62442 -237.97522 -237.99759 -238.01994 -237.9881 -237.93416 -237.8802 -237.82626 -237.77232 -237.71837 -237.66443 -237.61049 -237.55655 -237.70721 -238.02374 -238.34027 -238.6568 -238.97333 -239.28986 -239.60637 -239.82713 -239.89534 -239.96355 -240.03175 -240.09996 -240.16817 -240.17586 -240.0623 -239.94873 -239.83517
-266.62598 -266.21216 -265.79834 -265.38455 -264.97073 -264.4879 -263.99066 -263.49344 -262.99622 -262.499 -262.0308 -261.77426 -261.51776 -261.26126 -261.00473 -260.74823 -260.4917 -260.2352 -259.98523 -259.80273 -259.62024 -259.43774 -259.25525 -259.07275 -258.89026 -258.70776 -258.49225 -258.09518 -257.69815 -257.28897 -256.62888 -255.89592 -255.16295 -254.42998 -253.697 -252.96404 -252.23106 -251.49811 -250.76514 -250.03217 -249.2992 -248.56622 -248.12349 -248.14586 -248.16821 -248.19058 -248.21294 -248.16829 -248.11433 -248.0604 -248.00645 -247.95251 -247.89856 -247.89413 -248.21066 -248.52719 -248.84372 -249.16025 -249.47678 -249.7933 -250.10983 -250.42636 -250.74287 -250.885 -250.9532 -251.02141 -251.02881 -250.91525 -250.80168 -250.68813 -250.57455 -250.461
-276.4066 -275.83203 -275.25748 -274.68546 -274.27164 -273.85785 -273.38477 -272.88754 -272.48642 -272.22992 -271.9734 -271.7169 -271.4604 -271.20386 -270.94736 -270.69086 -270.43433 -270.17783 -269.9411 -269.7586 -269.48355 -269.0865 -268.68942 -268.2924 -267.89532 -267.49826 -267.10123 -266.70416 -266.3044 -265.89084 -265.4773 -265.06372 -264.3718 -263.63882 -262.90585 -262.17288 -261.4399 -260.70694 -259.97397 -259.241 -258.50803 -258.27176 -258.29413 -258.31647 -258.33884 -258.3612 -258.38358 -258.4024 -258.34848 -258.29453 -258.24057 -258.18665 -258.39758 -258.7141 -259.03064 -259.34717 -259.6637 -259.98022 -260.29675 -260.61328 -260.9298 -261.24634 -261.56287 -261.87463 -261.88177 -261.7682 -261.65463 -261.54108 -261.42752 -261.31396 -261.20038 -261.08682
-286.43167 -285.8571 -285.28253 -284.69897 -284.10208 -283.50522 -282.90836 -282.639 -282.37817 -282.11734 -281.85648 -281.59564 -281.33478 -281.07394 -280.8131 -280.55225 -280.2914 -279.73608 -279.11633 -278.4966 -278.0925 -277.69547 -277.2984 -276.90134 -276.5043 -276.10724 -275.7102 -275.31314 -274.9063 -274.49274 -274.0792 -273.66562 -273.25204 -272.83847 -272.1147 -271.3817 -270.64874 -269.91577 -269.1828 -268.44983 -268.42 -268.44238 -268.46475 -268.48712 -268.50946 -268.53183 -268.5542 -268.57657 -268.5826 -268.52866 -268.5845 -268.90103 -269.21756 -269.5341 -269.85062 -270.16714 -270.48367 -270.68286 -270.8779 -271.07294 -271.268 -271.46304 -271.65808 -271.8254 -271.96585 -271.88602 -271.80618 -271.72635 -271.6465 -271.56668 -271.48685 -271.407
-296.27338 -295.6765 -295.07965 -294.4828 -293.88593 -293.28903 -292.7097 -292.44885 -292.188 -291.92715 -291.66632 -291.40546 -291.14462 -290.88376 -290.62292 -290.01562 -289.3959 -288.77615 -288.15643 -287.5367 -286.91696 -286.3044 -285.90738 -285.5103 -285.11328 -284.71622 -284.31915 -283.92178 -283.5082 -283.09464 -282.6811 -282.26752 -281.85394 -281.44037 -281.0268 -280.59055 -279.85757 -279.1246 -278.54593 -278.5683 -278.59064 -278.613 -278.63538 -278.65775 -278.68008 -278.70245 -278.72482 -278.63422 -278.50406 -278.78232 -278.97736 -279.1724 -279.36746 -279.5625 -279.75754 -279.95258 -280.1476 -280.34265 -280.5377 -280.73273 -280.92776 -281.1228 -281.2822 -281.44043 -281.59866 -281.74704 -281.6672 -281.58737 -281.50754 -281.4277 -281.34787 -281.26804
-306.05722 -305.46033 -304.86346 -304.2666 -303.66974 -303.07288 -302.5195 -302.25867 -301.99783 -301.73697 -301.47614 -301.21527 -300.91492 -300.2952 -299.67545 -299.05573 -298.436 -297.81625 -297.19653 -296.5768 -295.95706 -295.33734 -294.7176 -294.1193 -293.72223 -293.3252 -292.92813 -292.52368 -292.1101 -291.69653 -291.28296 -290.86942 -290.45584 -290.04227 -289.6287 -289.21515 -288.80157 -288.48315 -288.35297 -288.2228 -288.09262 -287.96243 -287.83224 -287.70206 -287.5719 -287.4417 -287.31152 -287.18134 -287.29086 -287.8206 -288.3503 -288.83218 -289.02722 -289.22226 -289.4173 -289.61234 -289.8074 -290.00244 -290.19748 -290.39252 -290.58072 -290.73895 -290.8972 -291.05542 -291.21365 -291.3719 -291.52823 -291.4484 -291.36856 -291.28873 -291.2089 -291.12906
