test/UKGEOS_Glasgow/EXPORTS/ASCII(5mCell)/Faults/Fault_f36_50m_GGERFS_Predrill(5m).asc
ncols 206
nrows 77
xllcenter 260000.0
yllcenter 661673.56
cellsize 5.0
nodata_value 10e32
[rows 0 to 26 of 77, columns 122 to 182 of 206]
10e32 10e32 10e32 10e32 10e32 10e32 10e32 10e32 10e32 10e32 10e32 10e32 10e32 10e32 10e32 10e32 10e32 10e32 10e32 10e32 10e32 10e32 10e32 10e32 10e32 10e32 10e32 10e32 10e32 10e32 10e32 10e32 10e32 10e32 10e32 10e32 10e32 10e32 10e32 10e32 10e32 10e32 10e32 10e32 10e32 10e32 10e32 10e32 10e32 10e32 10e32 10e32 10e32 10e32 10e32 10e32 10e32 10e32 10e32 10e32 10e32
10e32 10e32 10e32 10e32 10e32 10e32 10e32 10e32 10e32 10e32 10e32 10e32 10e32 10e32 10e32 10e32 10e32 10e32 10e32 10e32 10e32 10e32 10e32 10e32 10e32 10e32 10e32 10e32 10e32 10e32 10e32 10e32 10e32 10e32 10e32 10e32 10e32 10e32 10e32 10e32 10e32 10e32 10e32 10e32 10e32 10e32 10e32 10e32 10e32 10e32 10e32 10e32 10e32 10e32 10e32 10e32 10e32 10e32 10e32 10e32 10e32
-4.1323457 -4.069115 -3.9782987 -4.0124435 -4.124015 -4.0742493 -3.9472108 -3.820172 -3.6931336 -3.5660193 -3.4389598 -3.3119037 -3.1848476 -3.0580945 -2.930998 -2.803902 -2.6768055 -2.9030743 -3.1677032 -3.432332 -3.554862 -3.5693295 -3.5837967 -3.5982642 -3.6127791 -3.6272972 -3.641815 -3.6562788 -3.6706712 -3.6850636 -3.699456 -3.7139184 -3.7283907 -3.742854 -3.8668733 -4.076 -4.2851334 -4.4942665 -4.7033997 -4.911986 -5.121161 -5.3303356 -5.5395103 -5.7483435 -5.9570293 -6.1657157 -6.374211 -6.5822206 -6.7902308 -6.9990816 -7.207403 -7.4058948 -7.6113505 -7.8276415 -8.025437 -8.193631 -8.361823 -8.530016 -8.698234 -8.866474 -9.034714
-11.769858 -11.728245 -11.680937 -11.659987 -11.632381 -11.5053215 -11.378251 -11.251182 -11.124111 -10.997042 -10.869971 -10.742901 -10.615831 -10.488775 -10.361719 -10.234863 -10.107767 -10.046898 -10.311527 -10.576156 -10.640501 -10.654968 -10.669447 -10.683966 -10.698483 -10.71291 -10.727302 -10.741711 -10.756183 -10.770655 -10.807449 -10.863181 -10.918913 -10.974645 -11.052699 -11.191535 -11.330371 -11.469207 -11.608043 -11.74688 -11.8857155 -12.024551 -12.196447 -12.4055805 -12.614714 -12.823563 -13.032738 -13.24168 -13.450366 -13.658621 -13.8666315 -14.072099 -14.278893 -14.4766 -14.644789 -14.812996 -14.981236 -15.112432 -15.224202 -15.335973 -15.447742
-19.408459 -19.42686 -19.485662 -19.517624 -19.278778 -19.039932 -18.809273 -18.682203 -18.555134 -18.428062 -18.300993 -18.173923 -18.046852 -17.919783 -17.792713 -17.665648 -17.538591 -17.411633 -17.45535 -17.711653 -17.726141 -17.740633 -17.755148 -17.76954 -17.783976 -17.798447 -17.852379 -17.90811 -17.963842 -18.019575 -18.075306 -18.131039 -18.18677 -18.242502 -18.307339 -18.446177 -18.585012 -18.723848 -18.862684 -19.00152 -19.140356 -19.279192 -19.418028 -19.556864 -19.6957 -19.834536 -19.973373 -20.11221 -20.251045 -20.389881 -20.528717 -20.735016 -20.927757 -21.047497 -21.159267 -21.271038 -21.382809 -21.49458 -21.60635 -21.718119 -21.82989
-27.70994 -27.76874 -27.827541 -27.886341 -27.687057 -27.448212 -27.209366 -26.97052 -26.731674 -26.492828 -26.253983 -26.015137 -25.77629 -25.537445 -25.2986 -25.096664 -24.969595 -24.842525 -24.715498 -24.797312 -24.811777 -24.841576 -24.897308 -24.95304 -25.008772 -25.064505 -25.120235 -25.175968 -25.231699 -25.287432 -25.343163 -25.398895 -25.454628 -25.510359 -25.566092 -25.700817 -25.839653 -25.978489 -26.117325 -26.25616 -26.394997 -26.533833 -26.672668 -26.811504 -26.95034 -27.089178 -27.228014 -27.36685 -27.505686 -27.644522 -27.579035 -27.334694 -27.327562 -27.429644 -27.541414 -27.653185 -27.764956 -27.876726 -27.988497 -28.100267 -28.212038
-36.05182 -36.11062 -36.16942 -36.22822 -36.095337 -35.85649 -35.617645 -35.3788 -35.139954 -34.901108 -34.662262 -34.423416 -34.18457 -33.945724 -33.70688 -33.468033 -33.229187 -32.99034 -32.690018 -32.36573 -32.11975 -32.109432 -32.165165 -32.220898 -32.27663 -32.33236 -32.388092 -32.443825 -32.499557 -32.55529 -32.61102 -32.66675 -32.722485 -32.778217 -32.83395 -32.955456 -33.09429 -33.233128 -33.371967 -33.510803 -33.64964 -33.788475 -33.92731 -34.066147 -34.204983 -34.34382 -34.482655 -34.62149 -34.41371 -34.16937 -33.92503 -33.680687 -33.72798 -33.82972 -33.931458 -34.03533 -34.147102 -34.258873 -34.370644 -34.482414 -34.594185
-44.3937 -44.4525 -44.5113 -44.5701 -44.503616 -44.26477 -44.025925 -43.78708 -43.548233 -43.309387 -43.07054 -42.831696 -42.59285 -42.354004 -42.115158 -41.876312 -41.56006 -41.20786 -40.85566 -40.510338 -40.26436 -40.01838 -39.7724 -39.52642 -39.544487 -39.60022 -39.65595 -39.71168 -39.767414 -39.823147 -39.87888 -39.93461 -39.99034 -40.046074 -40.101807 -40.2101 -40.348934 -40.48777 -40.626606 -40.76544 -40.904278 -41.043114 -41.18195 -41.320786 -41.45962 -41.49273 -41.248386 -41.004047 -40.759705 -40.515366 -40.271023 -40.026684 -40.128403 -40.23014 -40.33188 -40.433613 -40.53535 -40.64102 -40.752792 -40.86456 -40.97633
-52.735577 -52.794376 -52.853176 -52.91198 -52.911896 -52.67305 -52.434204 -52.19536 -51.956512 -51.717667 -51.47882 -51.239975 -51.00113 -50.762283 -50.4301 -50.0779 -49.7257 -49.3735 -49.0213 -48.6691 -48.40897 -48.16299 -47.91701 -47.671032 -47.425053 -47.179073 -46.933094 -46.979538 -47.03527 -47.091003 -47.146736 -47.20247 -47.258198 -47.31393 -47.369663 -47.464737 -47.603577 -47.742413 -47.88125 -48.020084 -48.15892 -48.297756 -48.436592 -48.327404 -48.083065 -47.838722 -47.594383 -47.35004 -47.1057 -46.86136 -46.61702 -46.427086 -46.528824 -46.63056 -46.732296 -46.834034 -46.935772 -47.037506 -47.139244 -47.246708 -47.35848
-61.077457 -61.136257 -61.195057 -61.253857 -61.312656 -61.08133 -60.842484 -60.603638 -60.36479 -60.125946 -59.8871 -59.648254 -59.30014 -58.94794 -58.59574 -58.24354 -57.891342 -57.539143 -57.186943 -56.834743 -56.55358 -56.307602 -56.061623 -55.81564 -55.56966 -55.32368 -55.0777 -54.831722 -54.585743 -54.35886 -54.414593 -54.470325 -54.526054 -54.581787 -54.63752 -54.71938 -54.858215 -54.99705 -55.135887 -55.274723 -55.40642 -55.162083 -54.91774 -54.6734 -54.429058 -54.18472 -53.940376 -53.696033 -53.451694 -53.20735 -52.963013 -52.827507 -52.929245 -53.03098 -53.132717 -53.234455 -53.33619 -53.437927 -53.539665 -53.6414 -53.743137
-69.419334 -69.478134 -69.536934 -69.59573 -69.65453 -69.48961 -69.25076 -69.01192 -68.77307 -68.52238 -68.17018 -67.81798 -67.46578 -67.11358 -66.76138 -66.40919 -66.056984 -65.70479 -65.352585 -65.00039 -64.69819 -64.45221 -64.20623 -63.96025 -63.71427 -63.468292 -63.222313 -62.976334 -62.730354 -62.484375 -62.238396 -61.992416 -61.793915 -61.849644 -61.905376 -61.974022 -62.112858 -62.251694 -62.2411 -61.996758 -61.752415 -61.508076 -61.263733 -61.019394 -60.77505 -60.530712 -60.28637 -60.04203 -59.797688 -59.55335 -59.309006 -59.22793 -59.329662 -59.4314 -59.53314 -59.634872 -59.73661 -59.83835 -59.940083 -60.04182 -60.0766
-77.15713 -77.530846 -77.878815 -77.937614 -77.996414 -77.89789 -77.65904 -77.39242 -77.04022 -76.68802 -76.33582 -75.98362 -75.631424 -75.27922 -74.927025 -74.57483 -74.222626 -73.87043 -73.51823 -73.16603 -72.8428 -72.59682 -72.35084 -72.10486 -71.85888 -71.6129 -71.36692 -71.12094 -70.87496 -70.62898 -70.383 -70.137024 -69.891045 -69.645065 -69.399086 -69.228966 -69.075775 -68.831436 -68.58709 -68.34275 -68.09841 -67.85407 -67.609726 -67.36539 -67.12105 -66.87671 -66.63236 -66.38802 -66.143684 -65.89934 -65.655 -65.62835 -65.73009 -65.83182 -65.933556 -66.03529 -66.13703 -66.20653 -66.219734 -66.23293 -66.24613
-84.59651 -84.97023 -85.34395 -85.71767 -86.09138 -86.26246 -85.91026 -85.55806 -85.205864 -84.85366 -84.501465 -84.14926 -83.797066 -83.44487 -83.09267 -82.74047 -82.38827 -82.03607 -81.68387 -81.33167 -80.98741 -80.74143 -80.49545 -80.24947 -80.003494 -79.757515 -79.511536 -79.26556 -79.01958 -78.77359 -78.46314 -77.862274 -77.2614 -76.66053 -76.05966 -75.52254 -75.16166 -74.97482 -74.78799 -74.60115 -74.414314 -74.200066 -73.95573 -73.71138 -73.46704 -73.2227 -72.978355 -72.73402 -72.48968 -72.24534 -72.00099 -72.02877 -72.1305 -72.23224 -72.33398 -72.34966 -72.36286 -72.37606 -72.38927 -72.402466 -72.415665
-92.035904 -92.409615 -92.5482 -92.53714 -92.52608 -92.476776 -92.38754 -92.24266 -92.09778 -91.952896 -91.80801 -91.663124 -91.51824 -91.37336 -91.22848 -90.90611 -90.55391 -90.20171 -89.84951 -89.497314 -89.14512 -88.88604 -88.64006 -88.39408 -88.1481 -87.5777 -86.97682 -86.37595 -85.775085 -85.17421 -84.57334 -83.97247 -83.371605 -82.77073 -82.179756 -81.70559 -81.23142 -80.97185 -80.78501 -80.59818 -80.41135 -80.22451 -80.037674 -79.85084 -79.664 -79.477165 -79.29033 -79.08001 -78.83567 -78.59133 -78.34699 -78.429184 -78.4796 -78.4928 -78.506 -78.519196 -78.532394 -78.54559 -78.5588 -78.572 -78.5852
-98.782295 -98.77123 -98.76017 -98.74911 -98.727715 -98.66684 -98.60597 -98.511986 -98.3671 -98.22221 -98.07733 -97.93245 -97.78757 -97.642685 -97.4978 -97.35292 -97.20804 -97.063156 -96.91827 -96.773384 -96.6285 -96.09138 -95.49051 -94.88963 -94.288765 -93.6879 -93.08702 -92.48615 -91.885284 -91.28442 -90.68354 -90.08267 -89.481804 -88.88093 -88.3628 -87.88864 -87.414474 -86.96888 -86.78204 -86.59521 -86.40837 -86.221535 -86.0347 -85.84787 -85.66103 -85.4742 -85.28736 -85.100525 -84.91369 -84.72685 -84.57716 -84.61502 -84.64913 -84.66233 -84.67553 -84.68873 -84.70193 -84.715126 -84.72833 -84.74153 -84.75473
-104.99426 -104.9832 -104.97214 -104.96108 -104.91778 -104.8569 -104.796036 -104.73516 -104.63643 -104.49154 -104.34666 -104.201775 -104.05689 -103.91201 -103.76713 -103.622246 -103.47736 -103.33248 -103.18759 -103.04271 -102.65469 -102.16995 -101.60071 -100.99983 -100.398964 -99.798096 -99.19723 -98.59635 -97.99548 -97.394615 -96.79374 -96.19287 -95.592 -95.02002 -94.54585 -94.07169 -93.59753 -93.12336 -92.779076 -92.59224 -92.4054 -92.21857 -92.03173 -91.844894 -91.65806 -91.47122 -91.284386 -91.09756 -90.91072 -90.772804 -90.65324 -90.631874 -90.69047 -90.749054 -90.80764 -90.85826 -90.87146 -90.88466 -90.89786 -90.911064 -90.92426
-111.20623 -111.195175 -111.18411 -111.16871 -111.10784 -111.04697 -110.9861 -110.925224 -110.86435 -110.760864 -110.61598 -110.4711 -110.32622 -110.181335 -110.03645 -109.89157 -109.74669 -109.60181 -109.45692 -109.16098 -108.67624 -108.1915 -107.70676 -107.11003 -106.50916 -105.908295 -105.30743 -104.70655 -104.10568 -103.504814 -102.90394 -102.30307 -101.7022 -101.20307 -100.728905 -100.25474 -99.78058 -99.30641 -98.83225 -98.589264 -98.40243 -98.21559 -98.02876 -97.84193 -97.65509 -97.468254 -97.28142 -97.09458 -96.968445 -96.84888 -96.72931 -96.64873 -96.70732 -96.76591 -96.82449 -96.88309 -96.94167 -97.00027 -97.05885 -97.0806 -97.093796
-117.418205 -117.40714 -117.39608 -117.35877 -117.297905 -117.23703 -117.17616 -117.11529 -117.05441 -116.993546 -116.88531 -116.740425 -116.59554 -116.45066 -116.30578 -116.1609 -116.016014 -115.87113 -115.66727 -115.182526 -114.697784 -114.21304 -113.7283 -113.22024 -112.61936 -112.01849 -111.417625 -110.81675 -110.21588 -109.61501 -109.014145 -108.41327 -107.86028 -107.38612 -106.91196 -106.43779 -105.96363 -105.48946 -105.015305 -104.586296 -104.39946 -104.21262 -104.02579 -103.83895 -103.652115 -103.46528 -103.28365 -103.164085 -103.04452 -102.92495 -102.80539 -102.68582 -102.72417 -102.78276 -102.84135 -102.89994 -102.95853 -103.01712 -103.07571 -103.13429 -103.19289
-123.63017 -123.61911 -123.60805 -123.54884 -123.48797 -123.42709 -123.36623 -123.30535 -123.24448 -123.18361 -123.122734 -123.00975 -122.86487 -122.719986 -122.5751 -122.43022 -122.28534 -122.14045 -121.68881 -121.20407 -120.71933 -120.23459 -119.74985 -119.26511 -118.72956 -118.12869 -117.527824 -116.926956 -116.32608 -115.72521 -115.124344 -114.52347 -114.043335 -113.56917 -113.09501 -112.62084 -112.14668 -111.672516 -111.19835 -110.72419 -110.396484 -110.209656 -110.02282 -109.83598 -109.64915 -109.479294 -109.359726 -109.24016 -109.1206 -109.00103 -108.88146 -108.761894 -108.74102 -108.799614 -108.8582 -108.916794 -108.97538 -109.033966 -109.09256 -109.151146 -109.20974
-129.84215 -129.83109 -129.79977 -129.7389 -129.67802 -129.61716 -129.55629 -129.49542 -129.43454 -129.37367 -129.3128 -129.25192 -129.1342 -128.9893 -128.84442 -128.69954 -128.55466 -128.1951 -127.71036 -127.22562 -126.740875 -126.256134 -125.77139 -125.28665 -124.80191 -124.23889 -123.63802 -123.037155 -122.43628 -121.83541 -121.23454 -120.70055 -120.22639 -119.75222 -119.27806 -118.803894 -118.32973 -117.85557 -117.3814 -116.90724 -116.433075 -116.20668 -116.019844 -115.83301 -115.674934 -115.55537 -115.4358 -115.31624 -115.19667 -115.0771 -114.957535 -114.837975 -114.75787 -114.81647 -114.87505 -114.93365 -114.99223 -115.05082 -115.10941 -115.168 -115.22659
-136.05411 -136.04305 -135.98984 -135.92897 -135.86809 -135.80722 -135.74635 -135.68549 -135.6246 -135.56374 -135.50287 -135.44199 -135.38112 -135.25864 -135.11375 -134.96887 -134.70139 -134.21664 -133.7319 -133.24716 -132.76242 -132.27768 -131.79294 -131.3082 -130.82346 -130.33871 -129.74823 -129.14735 -128.54648 -127.94561 -127.357765 -126.8836 -126.40944 -125.93527 -125.461105 -124.986946 -124.51278 -124.03862 -123.56445 -123.09029 -122.61613 -122.20371 -122.01688 -121.870575 -121.75101 -121.63145 -121.51188 -121.39231 -121.27274 -121.153175 -121.033615 -120.91405 -120.79448 -120.83332 -120.89191 -120.95049 -121.00909 -121.06767 -121.12627 -121.18485 -121.24344
-142.26608 -142.24077 -142.1799 -142.11903 -142.05817 -141.99728 -141.93642 -141.87555 -141.81467 -141.7538 -141.69293 -141.63205 -141.57118 -141.51031 -141.38307 -141.20767 -140.72293 -140.23819 -139.75345 -139.2687 -138.78397 -138.29922 -137.81448 -137.32974 -136.845 -136.36026 -135.85843 -135.25755 -134.65668 -134.05582 -133.54082 -133.06665 -132.59248 -132.11832 -131.64417 -131.17 -130.69583 -130.22166 -129.7475 -129.27335 -128.79918 -128.31302 -128.06622 -127.94665 -127.82709 -127.70752 -127.58795 -127.46838 -127.348816 -127.229256 -127.10969 -126.99012 -126.87055 -126.85017 -126.90876 -126.96735 -127.02594 -127.084526 -127.14312 -127.201706 10e32
-148.25056 -148.15576 -148.11682 -148.07787 -148.03893 -147.99998 -147.96104 -147.9221 -147.88316 -147.84422 -147.80528 -147.76634 -147.72739 -147.68845 -147.6395 -147.22923 -146.74448 -146.25974 -145.775 -145.29025 -144.80551 -144.32077 -143.83603 -143.35129 -142.86655 -142.3818 -141.89706 -141.36775 -140.76688 -140.19803 -139.72386 -139.2497 -138.77554 -138.30138 -137.82721 -137.35304 -136.86713 -136.338 -135.80885 -135.27972 -134.75058 -134.22145 -133.89821 -133.88377 -133.86932 -133.7836 -133.66403 -133.54446 -133.4249 -133.30533 -133.18576 -133.0662 -132.94662 -132.86702 -132.92561 -132.9842 -133.04279 -133.10138 -133.15997 10e32 10e32
-153.75235 -153.59976 -153.47595 -153.43701 -153.39807 -153.35913 -153.32019 -153.28125 -153.24231 -153.20335 -153.16441 -153.12547 -153.08653 -153.04759 -152.91692 -152.62862 -152.22748 -151.82315 -151.41884 -151.01453 -150.6102 -150.20589 -149.80156 -149.37283 -148.88809 -148.40335 -147.91861 -147.43387 -146.87708 -146.38107 -145.90692 -145.42123 -144.8921 -144.36298 -143.83383 -143.3047 -142.77556 -142.24643 -141.7173 -141.18816 -140.65903 -140.12988 -139.69492 -139.68047 -139.66603 -139.6516 -139.63716 -139.62053 -139.50098 -139.38141 -139.26184 -139.14227 -139.0227 -138.90314 -138.94246 -139.00105 -139.05965 -139.11823 10e32 10e32 10e32
-159.22293 -159.07036 -158.91779 -158.79616 -158.75722 -158.71828 -158.67934 -158.64038 -158.60144 -158.5625 -158.52356 -158.48462 -158.44568 -158.40674 -158.13991 -157.85161 -157.55171 -157.14738 -156.74307 -156.33876 -155.93443 -155.53012 -155.1258 -154.72148 -154.31717 -153.91284 -153.50853 -153.1042 -152.75732 -152.38795 -151.85881 -151.32968 -150.80054 -150.27141 -149.74228 -149.21313 -148.684 -148.15486 -147.62573 -147.09659 -146.56746 -146.03833 -145.50919 -145.47717 -145.46274 -145.44829 -145.43385 -145.41942 -145.40498 -145.39055 -145.3379 -145.21835 -145.09879 -144.97922 -144.95932 -145.0179 -145.07649 10e32 10e32 10e32 10e32
-164.69353 -164.54095 -164.38838 -164.23581 -164.11636 -164.07741 -164.03847 -163.99953 -163.96059 -163.92165 -163.8827 -163.84377 -163.80482 -163.6512 -163.3629 -163.0746 -162.7863 -162.47162 -162.0673 -161.663 -161.25867 -160.85435 -160.45003 -160.04572 -159.6414 -159.23708 -158.83276 -158.42844 -158.13934 -157.93643 -157.73354 -157.23811 -156.70898 -156.17984 -155.65071 -155.12157 -154.59244 -154.06331 -153.53416 -153.00504 -152.47589 -151.94676 -151.41763 -151.27388 -151.25943 -151.245 -151.23056 -151.21613 -151.20168 -151.18724 -151.1728 -151.15837 -151.14394 -151.05528 -150.97617 10e32 10e32 10e32 10e32 10e32 10e32
-170.16412 -170.01155 -169.85896 -169.70639 -169.55382 -169.43655 -169.39761 -169.35867 -169.31973 -169.28079 -169.24185 -169.2029 -169.16249 -168.87419 -168.58589 -168.29759 -168.0093 -167.721 -167.39154 -166.98723 -166.5829 -166.17859 -165.77428 -165.36995 -164.96564 -164.56131 -164.157 -163.75269 -163.52135 -163.31845 -163.11555 -162.91264 -162.61742 -162.08829 -161.55914 -161.03001 -160.50087 -159.97174 -159.44261 -158.91347 -158.38434 -157.8552 -157.32607 -157.07057 -157.05614 -157.0417 -157.02727 -157.01282 -156.99838 -156.98395 -156.96951 -156.95506 -156.94063 -156.9262 10e32 10e32 10e32 10e32 10e32 10e32 10e32
