test/UKGEOS_Glasgow/EXPORTS/ASCII(5mCell)/Faults/Fault_Burnside_50m_GGERFS_Predrill(5m).asc
ncols 441
nrows 59
xllcenter 260566.11
yllcenter 660850.0
cellsize 5.0
nodata_value 10e32
[rows 0 to 28 of 59, columns 0 to 64 of 441]
10e32 10e32 10e32 10e32 10e32 10e32 10e32 10e32 10e32 10e32 10e32 10e32 10e32 10e32 10e32 10e32 10e32 10e32 10e32 10e32 10e32 10e32 10e32 10e32 10e32 10e32 10e32 10e32 10e32 10e32 10e32 10e32 10e32 10e32 10e32 10e32 10e32 10e32 10e32 10e32 10e32 10e32 10e32 10e32 10e32 10e32 10e32 10e32 10e32 10e32 10e32 10e32 -202.10654 -205.50467 -208.88988 -212.11476 -215.33965 -218.56453 -221.78943 -225.01431 -228.2392 -231.46408 -234.68898 -237.91386 -241.15793
10e32 10e32 10e32 10e32 10e32 10e32 10e32 10e32 10e32 10e32 10e32 10e32 10e32 10e32 10e32 10e32 10e32 10e32 10e32 10e32 10e32 10e32 10e32 10e32 10e32 10e32 10e32 10e32 10e32 10e32 10e32 10e32 10e32 10e32 10e32 10e32 10e32 10e32 10e32 10e32 10e32 10e32 10e32 10e32 -170.7858 -174.15442 -177.55257 -180.9507 -184.34885 -187.747 -191.14513 -194.54327 -197.94142 -201.33955 -204.7383 -208.10823 -211.33313 -214.55801 -217.7829 -221.00778 -224.23268 -227.45757 -230.68245 -233.90857 -237.15634
10e32 10e32 10e32 10e32 10e32 10e32 10e32 10e32 10e32 10e32 10e32 10e32 10e32 10e32 10e32 10e32 10e32 10e32 10e32 10e32 10e32 10e32 10e32 10e32 10e32 10e32 10e32 10e32 10e32 10e32 10e32 10e32 10e32 10e32 10e32 10e32 10e32 10e32 10e32 10e32 -153.242 -156.59755 -159.95311 -163.30865 -166.66422 -170.01482 -173.38745 -176.78558 -180.18373 -183.58188 -186.98001 -190.37816 -193.7763 -197.17444 -200.57259 -203.97688 -207.3266 -210.55148 -213.77638 -217.00127 -220.22615 -223.45103 -226.67593 -229.90698 -233.15475
10e32 10e32 10e32 10e32 10e32 10e32 10e32 10e32 10e32 10e32 10e32 10e32 10e32 10e32 10e32 10e32 10e32 10e32 10e32 10e32 10e32 10e32 10e32 10e32 10e32 10e32 10e32 10e32 10e32 10e32 10e32 10e32 10e32 10e32 10e32 10e32 10e32 -139.05377 -142.40932 -145.76486 -149.12042 -152.47597 -155.83151 -159.18707 -162.54262 -165.8929 -169.24043 -172.62047 -176.01862 -179.41676 -182.8149 -186.21304 -189.61119 -193.00932 -196.40747 -199.81082 -203.21547 -206.54497 -209.76985 -212.99474 -216.21964 -219.44452 -222.6694 -225.90538 -229.15315
10e32 10e32 10e32 10e32 10e32 10e32 10e32 10e32 10e32 10e32 10e32 10e32 10e32 10e32 10e32 10e32 10e32 10e32 10e32 10e32 10e32 10e32 10e32 10e32 10e32 10e32 10e32 10e32 10e32 10e32 10e32 10e32 10e32 -121.50998 -124.865524 -128.22108 -131.57663 -134.93217 -138.28773 -141.64328 -144.99883 -148.35439 -151.70993 -155.06548 -158.42104 -161.771 -165.11852 -168.46603 -171.8535 -175.25165 -178.64978 -182.04793 -185.44608 -188.84421 -192.24236 -195.64478 -199.04941 -202.45406 -205.76332 -208.98822 -212.2131 -215.43799 -218.66289 -221.9038 -225.15157
10e32 10e32 10e32 10e32 10e32 10e32 10e32 10e32 10e32 10e32 10e32 10e32 10e32 10e32 10e32 10e32 10e32 10e32 10e32 10e32 10e32 10e32 10e32 10e32 10e32 10e32 10e32 10e32 10e32 10e32 -106.87399 -110.339134 -113.804276 -117.269394 -120.73443 -124.09949 -127.45504 -130.8106 -134.16614 -137.52168 -140.87724 -144.23279 -147.58833 -150.9439 -154.29944 -157.64908 -160.9966 -164.34412 -167.69165 -171.08653 -174.48466 -177.88281 -181.28096 -184.6791 -188.07724 -191.47871 -194.88336 -198.288 -201.69264 -204.98169 -208.20657 -211.43147 -214.65636 -217.9022 -221.14998
10e32 10e32 10e32 10e32 10e32 10e32 10e32 10e32 10e32 10e32 10e32 10e32 10e32 10e32 10e32 10e32 10e32 10e32 10e32 10e32 10e32 10e32 10e32 10e32 10e32 10e32 -88.706055 -92.171196 -95.63634 -99.10148 -102.56662 -106.03176 -109.4969 -112.96204 -116.427086 -119.89212 -123.33345 -126.689 -130.04456 -133.4001 -136.75565 -140.1112 -143.46675 -146.8223 -150.17786 -153.52716 -156.87468 -160.22221 -163.56973 -166.92142 -170.31955 -173.7177 -177.11584 -180.51398 -183.91212 -187.31265 -190.7173 -194.12195 -197.52658 -200.93123 -204.20006 -207.42494 -210.65283 -213.9006 -217.14839
10e32 10e32 10e32 10e32 10e32 10e32 10e32 10e32 10e32 10e32 10e32 10e32 10e32 10e32 10e32 10e32 10e32 10e32 10e32 10e32 10e32 10e32 10e32 -74.00325 -77.4684 -80.93354 -84.39868 -87.86382 -91.328964 -94.794106 -98.25925 -101.72439 -105.18953 -108.65467 -112.11974 -115.58478 -119.04982 -122.514854 -125.92296 -129.27852 -132.63406 -135.98961 -139.34517 -142.70071 -146.05626 -149.40524 -152.75278 -156.1003 -159.44781 -162.79535 -166.15443 -169.55258 -172.95073 -176.34886 -179.74701 -183.1466 -186.55124 -189.95589 -193.36053 -196.76517 -200.16982 -203.41843 -206.65125 -209.89902 -213.14679
10e32 10e32 10e32 10e32 10e32 10e32 10e32 10e32 10e32 10e32 10e32 10e32 10e32 10e32 10e32 10e32 10e32 10e32 10e32 10e32 -59.74595 -62.77985 -66.230736 -69.69588 -73.161026 -76.62617 -80.09131 -83.55645 -87.02159 -90.48673 -93.95187 -97.417015 -100.88216 -104.3473 -107.8124 -111.27744 -114.74248 -118.20751 -121.67255 -125.13758 -128.51247 -131.86803 -135.22357 -138.57912 -141.93468 -145.28334 -148.63086 -151.97838 -155.32591 -158.67343 -162.02095 -165.38747 -168.78561 -172.18375 -175.5819 -178.98055 -182.3852 -185.78984 -189.19447 -192.59912 -196.00375 -199.4084 -202.64966 -205.89743 -209.1452
10e32 10e32 10e32 10e32 10e32 10e32 10e32 10e32 10e32 10e32 10e32 10e32 10e32 10e32 10e32 10e32 -43.50975 -46.54365 -49.577553 -52.611454 -55.64536 -58.67926 -61.8584 -65.36321 -68.85365 -72.318794 -75.783936 -79.24908 -82.71422 -86.17936 -89.6445 -93.10964 -96.57478 -100.039925 -103.505066 -106.9701 -110.435135 -113.90017 -117.365204 -120.830246 -124.29528 -127.74644 -131.10199 -134.45753 -137.81308 -141.16142 -144.50894 -147.85648 -151.204 -154.55151 -157.89905 -161.24657 -164.6205 -168.01863 -171.41678 -174.81493 -178.21913 -181.62378 -185.02843 -188.43306 -191.8377 -195.21236 -198.49757 -201.73988 -204.96593
10e32 10e32 10e32 10e32 10e32 10e32 10e32 10e32 10e32 10e32 10e32 10e32 10e32 -30.397333 -33.281765 -36.375256 -39.409157 -42.44306 -45.476963 -48.510864 -51.544765 -54.57867 -57.61257 -60.97833 -64.48315 -67.98796 -71.47656 -74.9417 -78.406845 -81.87199 -85.33713 -88.80227 -92.26741 -95.73255 -99.1977 -102.66276 -106.12779 -109.59283 -113.05787 -116.5229 -119.98794 -123.45297 -126.91801 -130.33595 -133.6915 -137.0395 -140.38704 -143.73456 -147.08208 -150.42961 -153.77713 -157.12465 -160.47217 -163.85352 -167.25166 -170.64981 -174.05309 -177.45772 -180.86237 -184.26701 -187.64426 -190.92947 -194.21469 -197.49991 -200.77063
10e32 10e32 10e32 10e32 10e32 10e32 10e32 10e32 10e32 -14.688822 -17.571074 -20.453325 -23.335577 -26.217829 -29.100082 -32.132675 -35.281185 -38.34247 -41.376373 -44.410275 -47.444176 -50.478077 -53.51198 -56.59344 -60.09826 -63.603077 -67.107895 -70.61271 -74.09947 -77.56461 -81.029755 -84.494896 -87.96004 -91.42518 -94.89033 -98.355415 -101.82045 -105.285484 -108.75053 -112.21556 -115.680595 -119.14563 -122.610664 -126.07571 -129.53008 -132.9176 -136.26512 -139.61264 -142.96017 -146.3077 -149.65521 -153.00275 -156.35027 -159.69778 -163.08655 -166.4847 -169.88702 -173.29167 -176.6963 -180.07616 -183.36137 -186.64659 -189.93181 -193.21703 -196.50224
10e32 10e32 10e32 10e32 10e32 10e32 -1.9497001 -4.724342 -7.6270657 -10.509317 -13.391569 -16.27382 -19.156073 -22.038324 -24.920578 -27.835073 -30.983583 -34.132095 -37.27578 -40.30968 -43.343586 -46.377487 -49.41139 -52.44529 -55.71337 -59.21819 -62.723007 -66.22782 -69.73264 -73.23746 -76.72238 -80.18752 -83.652664 -87.117805 -90.58295 -94.04807 -97.51311 -100.97815 -104.443184 -107.90822 -111.37325 -114.83829 -118.29787 -121.7184 -125.13894 -128.55962 -131.98041 -135.4012 -138.82199 -142.18578 -145.53331 -148.88083 -152.22835 -155.57587 -158.9234 -162.31958 -165.72096 -169.12561 -172.50807 -175.79329 -179.0785 -182.36372 -185.64894 -188.93416 -192.21938
10e32 10e32 10e32 10.327201 7.704944 5.082687 2.4602804 -0.41827714 -3.3955276 -6.329813 -9.212065 -12.0943165 -14.976569 -17.85882 -20.741074 -23.623325 -26.685982 -29.834494 -32.983 -36.131516 -39.242992 -42.276894 -45.3108 -48.3447 -51.3786 -54.8333 -58.33812 -61.842937 -65.347755 -68.85257 -72.35738 -75.862206 -79.34529 -82.81043 -86.27557 -89.74072 -93.20577 -96.67081 -100.13584 -103.600876 -107.06566 -110.4862 -113.90673 -117.32727 -120.74781 -124.1684 -127.589195 -131.00998 -134.43077 -137.85156 -141.27235 -144.69315 -148.10643 -151.45396 -154.80148 -158.15446 -161.55492 -164.93997 -168.22519 -171.5104 -174.79562 -178.08084 -181.36606 -184.65128 -187.9365
10e32 19.76491 17.359463 14.73733 12.11505 9.492676 6.825188 3.8818698 0.91053724 -2.066713 -5.032561 -7.9148126 -10.797065 -13.6793165 -16.56157 -19.44382 -22.38838 -25.53689 -28.685402 -31.833912 -34.98242 -38.13093 -41.210205 -44.244106 -47.27801 -50.448414 -53.95323 -57.45805 -60.962868 -64.46768 -67.9725 -71.47732 -74.98213 -78.48695 -81.9682 -85.43335 -88.89843 -92.363464 -95.8285 -99.25399 -102.67453 -106.09506 -109.5156 -112.93614 -116.356674 -119.777214 -123.197975 -126.61877 -130.03955 -133.46034 -136.88113 -140.30193 -143.72272 -147.14351 -150.5643 -153.98509 -157.37187 -160.65709 -163.9423 -167.22752 -170.51274 -173.79796 -177.08318 -180.3684 -183.65361
10e32 10e32 10e32 19.147413 16.525038 13.902588 11.124355 8.1810465 5.2166023 2.2393517 -0.73789877 -3.7151492 -6.61756 -9.499812 -12.382064 -15.264316 -18.146568 -21.239288 -24.3878 -27.53631 -30.68482 -33.833332 -36.981842 -40.130352 -43.177418 -46.211323 -49.568344 -53.073162 -56.57798 -60.082798 -63.587612 -67.09243 -70.597244 -74.102066 -77.60688 -81.1117 -84.59109 -88.02178 -91.44232 -94.86286 -98.283394 -101.70393 -105.12447 -108.545006 -111.965546 -115.386086 -118.806755 -122.22755 -125.64834 -129.06912 -132.48991 -135.9107 -139.3315 -142.75229 -146.17308 -149.59781 -153.03226 -156.34193 -159.62917 -162.9164 -166.20361 -169.49084 -172.77808 -176.0653 -179.35254
10e32 10e32 10e32 10e32 20.934994 18.312471 15.423523 12.480214 9.522667 6.5454164 3.568166 0.5909157 -2.386335 -5.3203077 -8.202559 -11.084811 -13.967063 -16.941687 -20.090199 -23.238708 -26.387218 -29.535728 -32.68424 -35.83275 -38.981262 -42.11073 -45.18346 -48.688274 -52.193092 -55.69791 -59.20273 -62.707542 -66.20824 -69.70014 -73.192055 -76.68396 -80.16608 -83.62189 -87.051186 -90.471725 -93.892265 -97.312805 -100.73334 -104.15388 -107.57442 -110.99495 -114.415535 -117.83633 -121.25712 -124.67791 -128.0987 -131.51949 -134.94028 -138.36107 -141.78706 -145.22726 -148.66747 -152.00162 -155.30933 -158.59656 -161.88379 -165.17102 -168.45825 -171.74547 -175.0327
10e32 10e32 10e32 10e32 10e32 10e32 19.72269 16.77938 13.828732 10.851481 7.874231 4.8969803 1.9197301 -1.0575204 -4.023055 -6.905307 -9.787559 -12.66981 -15.792596 -18.941107 -22.089617 -25.238127 -28.386639 -31.535149 -34.68366 -37.83217 -40.98068 -44.29504 -47.786945 -51.278854 -54.77076 -58.26267 -61.754578 -65.24648 -68.73839 -72.2303 -75.709 -79.16481 -82.62062 -86.07643 -89.50113 -92.92167 -96.34221 -99.76274 -103.18328 -106.60382 -110.02436 -113.44511 -116.8659 -120.28669 -123.70748 -127.12827 -130.54906 -133.97633 -137.41652 -140.85672 -144.29692 -147.65077 -150.971 -154.27673 -157.56395 -160.85118 -164.13841 -167.42564 -170.71288
10e32 10e32 10e32 10e32 10e32 10e32 10e32 21.078548 18.134796 15.157546 12.180296 9.203046 6.225795 3.2485445 0.27129403 -2.7059565 -5.6080546 -8.490306 -11.494994 -14.643504 -17.792015 -20.940525 -24.089037 -27.237547 -30.386057 -33.511383 -36.62642 -39.877003 -43.333286 -46.82519 -50.3171 -53.809006 -57.300915 -60.79282 -64.28473 -67.776634 -71.25192 -74.70773 -78.16354 -81.619354 -85.075165 -88.53054 -91.95107 -95.37161 -98.79215 -102.212685 -105.633224 -109.053894 -112.47468 -115.89547 -119.31626 -122.73705 -126.16559 -129.60579 -133.04599 -136.48619 -139.92639 -143.29994 -146.62015 -149.94035 -153.24413 -156.53136 -159.81859 -163.1058 -166.39304
10e32 10e32 10e32 10e32 10e32 10e32 10e32 10e32 10e32 19.463612 16.48636 13.50911 10.531859 7.5546093 4.5773587 1.6001085 -1.377142 -4.310802 -7.197392 -10.345902 -13.494413 -16.642923 -19.791433 -22.912203 -26.027237 -29.142271 -32.257305 -35.489056 -38.91652 -42.37153 -45.863438 -49.355343 -52.84725 -56.33916 -59.831066 -63.322975 -66.794846 -70.250656 -73.70647 -77.16228 -80.61809 -84.0739 -87.52971 -90.980484 -94.40102 -97.821556 -101.242096 -104.662674 -108.083466 -111.50425 -114.92504 -118.35485 -121.79505 -125.235245 -128.67545 -132.11565 -135.55585 -138.9491 -142.2693 -145.58952 -148.90973 -152.21152 -155.49875 -158.78598 -162.07321
10e32 10e32 10e32 10e32 10e32 10e32 10e32 10e32 10e32 10e32 20.792393 17.81515 14.837905 11.8606615 8.883417 5.906173 2.928923 -0.048327584 -3.0135493 -6.0483007 -9.196811 -12.31302 -15.428055 -18.543089 -21.658125 -24.773159 -27.888195 -31.101109 -34.528572 -37.956036 -41.409775 -44.901684 -48.39359 -51.885498 -55.377403 -58.869312 -62.33777 -65.79358 -69.24939 -72.7052 -76.16101 -79.61682 -83.07263 -86.52844 -89.98425 -93.43043 -96.85096 -100.2715 -103.692245 -107.11304 -110.54411 -113.984314 -117.42451 -120.86471 -124.30491 -127.74511 -131.1853 -134.59825 -137.91847 -141.23868 -144.55888 -147.87909 -151.17892 -154.46614 -157.75337
10e32 10e32 10e32 10e32 10e32 10e32 10e32 10e32 10e32 10e32 10e32 10e32 19.144236 16.166939 13.189642 10.212345 7.235049 4.2577524 1.2804817 -1.7192439 -4.828872 -7.9439073 -11.058942 -14.173977 -17.289011 -20.404047 -23.519081 -26.713161 -30.140627 -33.56809 -36.995556 -40.44802 -43.93993 -47.431835 -50.923744 -54.41565 -57.88069 -61.336502 -64.79231 -68.24812 -71.70393 -75.159744 -78.615555 -82.071365 -85.527176 -88.98299 -92.4388 -95.88037 -99.301025 -102.733376 -106.17358 -109.61377 -113.05397 -116.49417 -119.93437 -123.37457 -126.814766 -130.2474 -133.56763 -136.88783 -140.20804 -143.52826 -146.84846 -150.14632 -153.43355
10e32 10e32 10e32 10e32 10e32 10e32 10e32 10e32 10e32 10e32 10e32 10e32 10e32 20.472834 17.495558 14.518296 11.541036 8.570677 5.612533 2.592902 -0.4679604 -3.5747945 -6.6898293 -9.804864 -12.919899 -16.034935 -19.14997 -22.325216 -25.75268 -29.180143 -32.60761 -36.035072 -39.486267 -42.978172 -46.47008 -49.961987 -53.423615 -56.879425 -60.335236 -63.791046 -67.24686 -70.70267 -74.15848 -77.61429 -81.0701 -84.52591 -87.98172 -91.38351 -94.88169 -98.36283 -101.80303 -105.24323 -108.68343 -112.123634 -115.563835 -119.00403 -122.44423 -125.88443 -129.21678 -132.53699 -135.85721 -139.17741 -142.49762 -145.81784 -149.11371
10e32 10e32 10e32 10e32 10e32 10e32 10e32 10e32 10e32 10e32 10e32 10e32 10e32 10e32 21.80159 18.824327 15.8635235 12.905376 9.947237 6.905089 3.8442352 0.7833231 -2.3207169 -5.435752 -8.550787 -11.665822 -14.780856 -17.93727 -21.364735 -24.792198 -28.219662 -31.647125 -35.07459 -38.524513 -42.01642 -45.508327 -48.966537 -52.422348 -55.87816 -59.33397 -62.78978 -66.24559 -69.7014 -73.13426 -76.50636 -79.87847 -83.25057 -86.62268 -90.17656 -93.873764 -97.38848 -100.872696 -104.3129 -107.75309 -111.19329 -114.63349 -118.07369 -121.51389 -124.865944 -128.18616 -131.50636 -134.82657 -138.14679 -141.467 -144.7872
10e32 10e32 10e32 10e32 10e32 10e32 10e32 10e32 10e32 10e32 10e32 10e32 10e32 10e32 10e32 10e32 20.198221 17.24008 14.278303 11.217276 8.156356 5.0955186 2.0346067 -1.0666392 -4.181674 -7.296709 -10.411744 -13.549323 -16.976788 -20.404251 -23.831715 -27.25918 -30.686644 -34.11411 -37.562756 -41.05365 -44.50946 -47.96527 -51.42108 -54.876892 -58.257114 -61.62922 -65.00133 -68.37343 -71.74554 -75.11764 -78.48974 -81.86185 -85.47143 -89.25907 -92.86488 -96.3796 -99.89432 -103.38255 -106.822754 -110.262955 -113.703156 -117.14335 -120.5151 -123.83531 -127.15552 -130.47572 -133.79594 -137.11615 -140.43636
10e32 10e32 10e32 10e32 10e32 10e32 10e32 10e32 10e32 10e32 10e32 10e32 10e32 10e32 10e32 10e32 10e32 21.574785 18.590496 15.529463 12.468454 9.407714 6.346802 3.28589 0.1874385 -2.9275963 -6.042631 -9.161377 -12.588841 -16.016306 -19.44377 -22.871233 -26.298697 -29.726162 -33.153625 -36.596573 -40.007866 -43.37997 -46.752075 -50.12418 -53.496284 -56.86839 -60.240494 -63.6126 -66.9847 -70.356804 -73.72891 -77.10101 -80.7663 -84.55394 -88.341286 -91.85601 -95.37073 -98.885445 -102.40016 -105.89242 -109.33261 -112.77281 -116.16426 -119.48447 -122.80468 -126.124886 -129.4451 -132.7653 -136.08553
10e32 10e32 10e32 10e32 10e32 10e32 10e32 10e32 10e32 10e32 10e32 10e32 10e32 10e32 10e32 10e32 10e32 10e32 10e32 19.84165 16.780611 13.719835 10.658998 7.5980854 4.5371737 1.4415162 -1.6735188 -4.7885537 -8.200895 -11.628359 -15.055823 -18.483286 -21.910751 -25.338215 -28.635572 -31.923845 -35.25042 -38.61914 -41.991245 -45.36335 -48.73545 -52.107555 -55.47966 -58.851765 -62.22387 -65.59597 -68.96808 -72.34018 -76.061165 -79.84881 -83.63645 -87.33241 -90.84713 -94.36185 -97.876564 -101.39129 -104.906006 -108.402275 -111.813416 -115.13363 -118.453835 -121.77405 -125.09425 -128.41447 -131.73468
10e32 10e32 10e32 10e32 10e32 10e32 10e32 10e32 10e32 10e32 10e32 10e32 10e32 10e32 10e32 10e32 10e32 10e32 10e32 10e32 21.092798 18.031935 14.971193 11.910281 8.849369 5.7884574 2.6955938 -0.41944104 -3.8129487 -7.2404127 -10.667876 -14.082601 -17.370872 -20.659145 -23.947416 -27.23569 -30.550377 -33.880985 -37.23041 -40.602516 -43.97462 -47.346725 -50.71883 -54.090935 -57.46304 -60.83514 -64.207245 -67.57935 -71.35603 -75.14368 -78.93132 -82.71896 -86.32353 -89.83826 -93.352974 -96.86769 -100.38241 -103.897125 -107.37107 -110.69928 -114.01743 -117.33559 -120.65373 -123.971886 -127.29004
10e32 10e32 10e32 10e32 10e32 10e32 10e32 10e32 10e32 10e32 10e32 10e32 10e32 10e32 10e32 10e32 10e32 10e32 10e32 10e32 10e32 10e32 19.283316 16.222477 13.161565 10.100653 7.0397406 3.9496715 0.5749976 -2.817901 -6.106173 -9.394445 -12.682717 -15.970989 -19.259262 -22.547533 -25.850334 -29.180944 -32.51155 -35.842163 -39.213787 -42.58589 -45.957996 -49.3301 -52.702206 -56.07431 -59.446415 -62.863262 -66.6509 -70.438545 -74.22619 -78.01383 -81.79994 -85.31466 -88.82938 -92.34409 -95.85881 -99.373535 -102.815056 -106.16437 -109.49323 -112.81138 -116.12953 -119.447685 -122.76584
