test/UKGEOS_Glasgow/EXPORTS/ASCII(5mCell)/Faults/Fault_f15_50m_GGERFS_Predrill(5m).asc
ncols 212
nrows 29
xllcenter 261446.52
yllcenter 664009.25
cellsize 5.0
nodata_value 10e32
[rows 0 to 27 of 29, columns 124 to 185 of 212]
10e32 10e32 10e32 10e32 10e32 10e32 10e32 10e32 10e32 10e32 10e32 10e32 10e32 10e32 10e32 10e32 10e32 10e32 10e32 10e32 10e32 10e32 10e32 10e32 10e32 10e32 10e32 10e32 10e32 10e32 10e32 10e32 10e32 10e32 10e32 10e32 10e32 10e32 10e32 10e32 10e32 10e32 10e32 10e32 10e32 10e32 10e32 10e32 10e32 10e32 10e32 10e32 10e32 10e32 10e32 -130.7253 -130.71977 -130.71425 -130.70874 10e32 10e32 10e32
10e32 10e32 10e32 10e32 10e32 10e32 10e32 10e32 10e32 10e32 10e32 10e32 10e32 10e32 10e32 10e32 10e32 10e32 10e32 10e32 10e32 10e32 10e32 10e32 10e32 10e32 10e32 10e32 10e32 10e32 10e32 10e32 10e32 10e32 10e32 10e32 10e32 10e32 10e32 10e32 10e32 10e32 10e32 10e32 10e32 10e32 -126.11951 -126.099915 -126.08032 -126.06073 -126.041145 -126.025085 -126.029465 -126.02395 -126.01843 -126.01292 -126.0074 -126.00188 -126.00211 -126.09496 -126.18782 10e32
10e32 10e32 10e32 10e32 10e32 10e32 10e32 10e32 10e32 10e32 10e32 10e32 10e32 10e32 10e32 10e32 10e32 10e32 10e32 10e32 10e32 10e32 10e32 10e32 10e32 10e32 10e32 10e32 10e32 10e32 10e32 10e32 10e32 10e32 10e32 10e32 -119.97309 -120.13189 -120.29069 -120.449486 -120.608284 -120.76708 -120.92588 -121.11757 -121.365715 -121.40699 -121.3874 -121.36781 -121.34822 -121.32863 -121.30904 -121.289444 -121.306076 -121.31157 -121.30605 -121.30054 -121.29502 -121.289505 -121.30143 -121.39429 -121.487144 -121.57997
10e32 10e32 10e32 10e32 10e32 10e32 10e32 10e32 10e32 10e32 10e32 10e32 10e32 10e32 10e32 10e32 10e32 10e32 10e32 10e32 10e32 10e32 -109.681404 -110.25853 -110.835655 -111.41279 -111.989914 -112.56705 -113.14417 -113.721306 -113.93454 -114.09334 -114.25214 -114.410934 -114.56973 -114.72853 -114.88733 -115.04613 -115.204926 -115.36372 -115.52252 -115.68132 -115.89919 -116.14733 -116.39548 -116.64362 -116.6553 -116.635704 -116.61611 -116.59652 -116.57693 -116.55734 -116.57003 -116.58706 -116.59368 -116.588165 -116.58265 -116.57713 -116.60075 -116.6936 -116.78646 -116.879234
-90.638855 -91.29934 -91.959816 -92.62029 -93.28078 -93.94907 -94.591705 -95.222855 -95.854004 -96.48515 -97.11631 -97.74746 -98.37861 -99.009766 -99.640915 -100.272064 -100.901245 -101.53682 -102.17891 -102.77872 -103.35584 -103.932976 -104.5101 -105.087234 -105.66436 -106.241486 -106.81862 -107.395744 -107.97288 -108.55 -108.84878 -109.007576 -109.166374 -109.32517 -109.48397 -109.64277 -109.80157 -109.960365 -110.11916 -110.27796 -110.43676 -110.68081 -110.928955 -111.1771 -111.42525 -111.67339 -111.92154 -111.903595 -111.88401 -111.86442 -111.844826 -111.82523 -111.833984 -111.85101 -111.86805 -111.875786 -111.87027 -111.86475 -111.90007 -111.99293 -112.08572 -112.1785
-85.26666 -85.92715 -86.58762 -87.2481 -87.908585 -88.58889 -89.29697 -89.93325 -90.56441 -91.19556 -91.826706 -92.457855 -93.08901 -93.72016 -94.35131 -94.98247 -95.61164 -96.25247 -96.89456 -97.536644 -98.178734 -98.76167 -99.338806 -99.91593 -100.493065 -101.07019 -101.647316 -102.22445 -102.801575 -103.37871 -103.763016 -103.921814 -104.08061 -104.23941 -104.39821 -104.55701 -104.715805 -104.8746 -105.0334 -105.214294 -105.46243 -105.71058 -105.958725 -106.20687 -106.45502 -106.70316 -106.9513 -107.17149 -107.1519 -107.13231 -107.11272 -107.09313 -107.09794 -107.114975 -107.132 -107.14903 -107.1579 -107.15238 -107.19939 -107.292206 -107.38498 -107.42587
-79.89447 -80.554955 -81.21543 -81.87591 -82.53639 -83.22871 -83.93678 -84.643654 -85.2748 -85.90595 -86.53711 -87.16826 -87.79941 -88.43056 -89.061714 -89.69286 -90.326035 -90.968124 -91.61021 -92.2523 -92.89439 -93.536476 -94.1675 -94.74464 -95.32176 -95.898895 -96.47602 -97.053154 -97.63028 -98.207405 -98.67725 -98.83605 -98.99485 -99.15365 -99.31245 -99.471245 -99.63004 -99.78884 -99.99591 -100.24406 -100.4922 -100.74035 -100.988495 -101.23664 -101.48478 -101.732925 -101.98107 -102.22922 -102.4198 -102.40021 -102.380615 -102.36102 -102.36189 -102.37893 -102.39596 -102.41299 -102.43002 -102.44 -102.49869 -102.48238 -102.335915 -102.189445
-74.52228 -75.18276 -75.84324 -76.503716 -77.1642 -77.86852 -78.5766 -79.284676 -79.9852 -80.616356 -81.247505 -81.878654 -82.5098 -83.14096 -83.77211 -84.40326 -85.04169 -85.68378 -86.32586 -86.96795 -87.61004 -88.25212 -88.89421 -89.5363 -90.15047 -90.72759 -91.304726 -91.88185 -92.458984 -93.03611 -93.59149 -93.75029 -93.90909 -94.06789 -94.226685 -94.38548 -94.54428 -94.777534 -95.02568 -95.27383 -95.52197 -95.77012 -96.018265 -96.2664 -96.51455 -96.762695 -97.01084 -97.25899 -97.50713 -97.6681 -97.648506 -97.62892 -97.625854 -97.64288 -97.65991 -97.67695 -97.69398 -97.68807 -97.571884 -97.387566 -97.203255 -97.018936
-69.150085 -69.81057 -70.47105 -71.13152 -71.80027 -72.50834 -73.216415 -73.92449 -74.63257 -75.32675 -75.9579 -76.58906 -77.22021 -77.85136 -78.482506 -79.117256 -79.75734 -80.39942 -81.04151 -81.6836 -82.32569 -82.96777 -83.60986 -84.25195 -84.89404 -85.536125 -86.13342 -86.710556 -87.28768 -87.864815 -88.44194 -88.66453 -88.823326 -88.982124 -89.14092 -89.31101 -89.55916 -89.807304 -90.05545 -90.3036 -90.55174 -90.79988 -91.04803 -91.29617 -91.54432 -91.792465 -92.04061 -92.28876 -92.536896 -92.78504 -92.916405 -92.89681 -92.88981 -92.90684 -92.92387 -92.9409 -92.91104 -92.8476 -92.78417 -92.625824 -92.441505 -92.25719
-63.777897 -64.43838 -65.098854 -65.75933 -66.44009 -67.148155 -67.85623 -68.56431 -69.272385 -69.98045 -70.668304 -71.29945 -71.9306 -72.56176 -73.19291 -73.83291 -74.47299 -75.115074 -75.757164 -76.399254 -77.041336 -77.683426 -78.325516 -78.967606 -79.60969 -80.25178 -80.89387 -81.53596 -82.11639 -82.69351 -83.270645 -83.578766 -83.737564 -83.89636 -84.092636 -84.34078 -84.58893 -84.837074 -85.08522 -85.33336 -85.581505 -85.82965 -86.0778 -86.32594 -86.57409 -86.822235 -87.07037 -87.31852 -87.566666 -87.81481 -88.06296 -88.1647 -88.15376 -88.17079 -88.18783 -88.13401 -88.07058 -88.00714 -87.9437 -87.864075 -87.67976 -87.495445
-58.4057 -59.06618 -59.72666 -60.38714 -61.079903 -61.787975 -62.49605 -63.204124 -63.912197 -64.62027 -65.32835 -66.00985 -66.64101 -67.272156 -67.90647 -68.54856 -69.18864 -69.83073 -70.47282 -71.11491 -71.75699 -72.39908 -73.04117 -73.68326 -74.32534 -74.96743 -75.60952 -76.2516 -76.89369 -77.52222 -78.09934 -78.493004 -78.6518 -78.87426 -79.122406 -79.37055 -79.6187 -79.86684 -80.11498 -80.36313 -80.611275 -80.85942 -81.10757 -81.35571 -81.60385 -81.852 -82.10014 -82.34829 -82.596436 -82.84458 -83.09273 -83.340866 -83.41772 -83.42042 -83.35698 -83.29355 -83.23011 -83.16667 -83.10324 -83.0398 -82.918015 -82.7337
-53.03351 -53.69399 -54.35447 -55.014946 -55.71972 -56.42779 -57.135868 -57.84394 -58.552017 -59.26009 -59.968166 -60.67624 -61.351402 -61.982555 -62.622124 -63.26421 -63.904293 -64.54638 -65.18847 -65.83055 -66.47264 -67.11473 -67.75682 -68.3989 -69.04099 -69.68308 -70.32517 -70.967255 -71.609344 -72.251434 -72.89352 -73.40774 -73.65588 -73.90403 -74.152176 -74.40032 -74.64846 -74.89661 -75.14957 -75.40902 -75.66847 -75.927925 -76.18737 -76.44682 -76.706276 -76.96573 -77.22518 -77.484634 -77.74409 -78.00354 -78.26299 -78.522446 -78.640564 -78.57966 -78.51652 -78.45308 -78.38965 -78.32621 -78.26277 -78.19933 -78.1359 -77.971954
-47.661316 -48.321796 -48.982277 -49.651463 -50.359535 -51.067608 -51.775684 -52.483757 -53.191833 -53.899906 -54.607983 -55.316055 -56.02413 -56.695686 -57.337772 -57.979862 -58.620403 -59.26916 -59.917923 -60.56668 -61.21544 -61.8642 -62.51296 -63.161716 -63.81048 -64.459236 -65.107994 -65.75675 -66.40552 -67.054276 -67.70303 -68.41702 -69.12468 -69.38413 -69.643585 -69.90303 -70.16248 -70.421936 -70.68139 -70.94084 -71.200294 -71.45975 -71.7192 -71.97865 -72.238106 -72.49755 -72.757 -73.01646 -73.27591 -73.53536 -73.7148 -73.76431 -73.790924 -73.73002 -73.66912 -73.60822 -73.54732 -73.48574 -73.42231 -73.35887 -73.29543 -73.21021
-42.289124 -42.949604 -43.610085 -44.29128 -44.99935 -45.707428 -46.4155 -47.123577 -47.83165 -48.539726 -49.2478 -49.95857 -50.681683 -51.406097 -52.133762 -52.806366 -53.4531 -54.101856 -54.750618 -55.399376 -56.048134 -56.696896 -57.345654 -57.99441 -58.643173 -59.29193 -59.94069 -60.58945 -61.23821 -61.886967 -62.595047 -63.310684 -64.02632 -64.74196 -65.17541 -65.43486 -65.69431 -65.953766 -66.21321 -66.472664 -66.73212 -66.99157 -67.25102 -67.510475 -67.76993 -68.02938 -68.28883 -68.54829 -68.778786 -68.8283 -68.877815 -68.92733 -68.941284 -68.88039 -68.81948 -68.75858 -68.69768 -68.63678 -68.575874 -68.51498 -68.45408 -68.39153
-36.91693 -37.57741 -38.237892 -38.931095 -39.639168 -40.347244 -41.055317 -41.763393 -42.471466 -43.186165 -43.909275 -44.632385 -45.355495 -46.079617 -46.807278 -47.534943 -48.260334 -48.934555 -49.583313 -50.23207 -50.880833 -51.52959 -52.17835 -52.827106 -53.47587 -54.124626 -54.773384 -55.422146 -56.070904 -56.77307 -57.48871 -58.204346 -58.919983 -59.63562 -60.35126 -60.966682 -61.226135 -61.485588 -61.74504 -62.00449 -62.263943 -62.523396 -62.78285 -63.0423 -63.30175 -63.561203 -63.820656 -63.892284 -63.9418 -63.99131 -64.040825 -64.09034 -64.091644 -64.03075 -63.969845 -63.908943 -63.84804 -63.78714 -63.72624 -63.665337 -63.604435 -63.487274
-31.545408 -32.20522 -32.8657 -33.57091 -34.278988 -34.98706 -35.695137 -36.413757 -37.136868 -37.859978 -38.58309 -39.306202 -40.029312 -40.753113 -41.480797 -42.20846 -42.933853 -43.66152 -44.389183 -45.064766 -45.713528 -46.362286 -47.011044 -47.659805 -48.308563 -48.95732 -49.606083 -50.25484 -50.951096 -51.666733 -52.38237 -53.09801 -53.81365 -54.529285 -55.244923 -55.96056 -56.676197 -57.01741 -57.276863 -57.536316 -57.79577 -58.05522 -58.31467 -58.574123 -58.833576 -58.95627 -59.00578 -59.055294 -59.10481 -59.154324 -59.20384 -59.253353 -59.24201 -59.181107 -59.120205 -59.059303 -58.9984 -58.937504 -58.876602 -58.8157 -58.58205 -58.34568
-26.177464 -26.833027 -27.502655 -28.21073 -28.918804 -29.64135 -30.36446 -31.087572 -31.810682 -32.533794 -33.256905 -33.980015 -34.70313 -35.42661 -36.154316 -36.88198 -37.607372 -38.335037 -39.062702 -39.790363 -40.51803 -41.19498 -41.84374 -42.4925 -43.14126 -43.790016 -44.438778 -45.129124 -45.84476 -46.5604 -47.276035 -47.991673 -48.70731 -49.422947 -50.138584 -50.85422 -51.56986 -52.2855 -52.80869 -53.068142 -53.327595 -53.587044 -53.846497 -54.02025 -54.069763 -54.119278 -54.168793 -54.218307 -54.267822 -54.317337 -54.36685 -54.416363 -54.39237 -54.33147 -54.27057 -54.209667 -54.148766 -54.087864 -53.913197 -53.676826 -53.440456 -53.204086
-20.824793 -21.466803 -22.145832 -22.868942 -23.592054 -24.315165 -25.038277 -25.761387 -26.484499 -27.20761 -27.930721 -28.653831 -29.376944 -30.100103 -30.827835 -31.5555 -32.28089 -33.008556 -33.736217 -34.463882 -35.191547 -35.919212 -36.646877 -37.325195 -37.973953 -38.62271 -39.307148 -40.022785 -40.738422 -41.45406 -42.169697 -42.885334 -43.60097 -44.31661 -45.03225 -45.747887 -46.463524 -47.17916 -47.8948 -48.599964 -48.859417 -49.084232 -49.133747 -49.18326 -49.232777 -49.28229 -49.331806 -49.38132 -49.430832 -49.480347 -49.52986 -49.579376 -49.542732 -49.48183 -49.42093 -49.360027 -49.244343 -49.007973 -48.771603 -48.535233 -48.298862 -48.062492
-15.493201 -16.139978 -16.806816 -17.540274 -18.26587 -18.98898 -19.712091 -20.435202 -21.158314 -21.881424 -22.604536 -23.327646 -24.050756 -24.773798 -25.501354 -26.229017 -26.954409 -27.682074 -28.409739 -29.137402 -29.865067 -30.592731 -31.320396 -32.04806 -32.775726 -33.485172 -34.20081 -34.920662 -35.642574 -36.364487 -37.086395 -37.808308 -38.53022 -39.25213 -39.97404 -40.69595 -41.417862 -42.139774 -42.861683 -43.583595 -44.182575 -44.24193 -44.29676 -44.346275 -44.39579 -44.4453 -44.494816 -44.54433 -44.593845 -44.64336 -44.692875 -44.74239 -44.693092 -44.63219 -44.57129 -44.33912 -44.10275 -43.86638 -43.63001 -43.39364 -43.15727 -42.9209
-10.170567 -10.817826 -11.465515 -12.194324 -12.9274235 -13.661795 -14.385906 -15.109017 -15.832129 -16.55524 -17.27835 -18.001463 -18.724562 -19.447609 -20.174871 -20.902536 -21.627928 -22.35559 -23.083256 -23.81092 -24.538586 -25.266249 -25.993914 -26.776783 -27.627897 -28.48584 -29.271975 -30.018026 -30.741766 -31.463676 -32.18559 -32.907497 -33.62941 -34.35132 -35.07323 -35.795143 -36.51705 -37.238964 -37.960873 -38.644688 -39.23265 -39.372307 -39.428574 -39.484844 -39.541115 -39.59738 -39.653652 -39.707344 -39.75686 -39.806374 -39.85589 -39.904358 -39.843456 -39.67027 -39.4339 -39.197525 -38.961155 -38.724785 -38.488415 -38.252045 -38.015675 -37.779305
-4.8480506 -5.4957023 -6.1433916 -6.8480716 -7.581829 -8.314898 -9.047836 -9.782833 -10.505944 -11.229055 -11.952167 -12.675278 -13.398368 -14.121419 -14.848384 -15.576056 -16.301445 -17.02911 -17.756775 -18.48444 -19.212103 -20.003393 -20.853958 -21.70516 -22.555208 -23.415949 -24.278042 -25.05148 -25.797531 -26.543583 -27.284777 -28.00669 -28.7286 -29.45051 -30.17242 -30.894333 -31.616243 -32.338154 -33.052925 -33.64089 -34.22885 -34.485683 -34.558952 -34.615223 -34.671494 -34.72776 -34.78403 -34.840298 -34.89657 -34.95284 -35.009106 -35.006313 -34.768654 -34.528675 -34.2923 -34.05593 -33.81956 -33.58319 -33.34682 -33.11045 -32.87408 -32.637707
10e32 10e32 10e32 -1.5018197 -2.2355773 -2.969335 -3.702371 -4.435105 -5.1693573 -5.9028707 -6.625982 -7.349093 -8.072174 -8.795229 -9.521879 -10.249574 -10.974964 -11.702629 -12.430293 -13.229994 -14.080568 -14.931132 -15.782421 -16.63405 -17.483938 -18.346033 -19.208101 -20.070261 -20.830984 -21.577036 -22.323088 -23.06914 -23.81519 -24.5497 -25.271612 -25.993523 -26.715433 -27.437344 -28.049124 -28.637085 -29.225048 -29.59151 -29.682964 -29.745602 -29.80187 -29.858139 -29.91441 -29.970678 -30.019007 -30.044506 -30.070005 -29.908064 -29.670504 -29.447853 -29.226927 -28.991655 -28.748804 -28.505955 -28.263103 -28.020254 -27.777403 -27.534554
10e32 10e32 10e32 10e32 10e32 10e32 10e32 10e32 10e32 -0.55539846 -1.2908782 -2.022908 -2.7459795 -3.4690392 -4.1953754 -4.923092 -5.648483 -6.456627 -7.3071795 -8.157743 -9.008307 -9.859683 -10.711313 -11.562545 -12.414029 -13.276122 -14.138222 -15.00026 -15.862479 -16.610489 -17.35654 -18.10259 -18.848642 -19.594694 -20.340746 -21.086798 -21.814625 -22.45736 -23.04532 -23.633284 -24.221247 -24.697336 -24.788792 -24.87598 -24.93225 -24.986115 -25.011614 -25.037113 -25.06261 -25.08811 -25.047375 -24.809814 -24.572254 -24.334696 -24.110579 -23.889652 -23.668726 -23.4478 -23.214657 -22.971807 -22.715536 -22.308064
10e32 10e32 10e32 10e32 10e32 10e32 10e32 10e32 10e32 10e32 10e32 10e32 10e32 10e32 10e32 10e32 -0.53379077 -1.3843545 -2.234918 -3.0854816 -3.936945 -4.7885747 -5.6402044 -6.489108 -7.3441205 -8.206213 -9.068343 -9.930362 -10.7924795 -11.644098 -12.389993 -13.1360445 -13.882096 -14.628147 -15.374199 -16.12025 -16.846006 -17.53628 -18.137709 -18.675285 -19.217443 -19.803164 -19.894606 -19.984179 -20.00422 -20.029718 -20.055218 -20.080717 -20.106216 -20.131716 -19.949125 -19.711567 -19.474007 -19.236446 -18.998888 -18.773306 -18.55238 -18.331453 -18.110527 -17.755964 -17.369862 -16.962389
10e32 10e32 10e32 10e32 10e32 10e32 10e32 10e32 10e32 10e32 10e32 10e32 10e32 10e32 10e32 10e32 10e32 10e32 10e32 10e32 10e32 0.28253368 -0.56909615 -1.4156711 -2.274212 -3.1363046 -3.9984272 -4.860483 -5.7225018 -6.5846977 -7.423629 -8.1694975 -8.915549 -9.6616 -10.407652 -11.14594 -11.836247 -12.52652 -13.216792 -13.909728 -14.533832 -14.90887 -15.000222 -15.0344305 -15.050521 -15.073322 -15.098822 -15.124321 -15.14982 -15.088437 -14.850877 -14.6133175 -14.375758 -14.138199 -13.900639 -13.663079 -13.436031 -13.1074 -12.737514 -12.367627 -11.997742 -11.616715
10e32 10e32 10e32 10e32 10e32 10e32 10e32 10e32 10e32 10e32 10e32 10e32 10e32 10e32 10e32 10e32 10e32 10e32 10e32 10e32 10e32 10e32 10e32 10e32 10e32 10e32 10e32 0.20939557 -0.6526231 -1.5146971 -2.3769162 -3.2031598 -3.9490018 -4.6950536 -5.441105 -6.136215 -6.8264875 -7.520768 -8.217489 -8.914259 -9.59777 -9.947925 -10.068593 -10.084682 -10.100772 -10.116927 -10.1424265 -10.167925 -10.193424 -9.990189 -9.752628 -9.515069 -9.27751 -9.03995 -8.778739 -8.428488 -8.078215 -7.717984 -7.3481936 -6.978403 -6.6086125 -6.238822
10e32 10e32 10e32 10e32 10e32 10e32 10e32 10e32 10e32 10e32 10e32 10e32 10e32 10e32 10e32 10e32 10e32 10e32 10e32 10e32 10e32 10e32 10e32 10e32 10e32 10e32 10e32 10e32 10e32 10e32 10e32 10e32 1.0173095 0.2714937 -0.43618333 -1.1298358 -1.8265896 -2.5233264 -3.2199697 -3.9166129 -4.6040955 -5.008025 -5.062442 -5.1168585 -5.151024 -5.167114 -5.1860304 -5.2115297 -5.1294994 -4.89194 -4.6543803 -4.4168205 -4.0669856 -3.7167332 -3.3664846 -3.0161784 -2.6659281 -2.3156605 -1.9580789 -1.5883176 -1.2185271 -0.8487366
10e32 10e32 10e32 10e32 10e32 10e32 10e32 10e32 10e32 10e32 10e32 10e32 10e32 10e32 10e32 10e32 10e32 10e32 10e32 10e32 10e32 10e32 10e32 10e32 10e32 10e32 10e32 10e32 10e32 10e32 10e32 10e32 10e32 10e32 10e32 10e32 10e32 2.4741933 1.7775501 1.0809067 0.39007166 0.2601457 0.13021971 2.937431E-4 -0.12963223 -0.19263592 -0.23345529 -0.25513402 -0.03125103 0.29451573 0.64476794 0.9950201 1.3452723 1.6955187 2.0457625 2.3961084 2.7463586 3.0966122 3.4468942 3.801846 4.1715584 4.5674486
