test/UKGEOS_Glasgow/EXPORTS/ASCII(5mCell)/Faults/Fault_Rutherglen_50m_GGERFS_Predrill(5m).asc
ncols 567
nrows 127
xllcenter 260000.0
yllcenter 660850.0
cellsize 5.0
nodata_value 10e32
[rows 62 to 92 of 127, columns 136 to 203 of 567]
-189.78778 -191.72215 -193.65654 -195.59093 -197.5253 -199.8201 -202.2364 -204.65271 -206.81256 -208.93752 -211.06245 -213.1874 -215.31235 -217.43729 -219.56224 -221.68718 -223.81213 -226.6562 -229.52197 -232.38774 -235.25351 -238.09734 -240.9387 -243.78009 -246.62148 -249.46286 -252.30124 -255.12932 -258.03223 -260.98862 -263.945 -266.90137 -269.85776 -272.81415 -275.7705 -278.7269 -281.6893 -284.65582 -287.77655 -291.37253 -294.98355 -298.59457 -302.2056 -305.81662 -309.77112 -313.78293 -317.79474 -321.80655 -325.81836 -329.83017 -333.84195 -337.85376 -341.86487 -345.8747 -349.8845 -353.78677 -357.67654 -361.3456 -365.0116 -368.67758 -372.34357 -376.00955 -379.6755 -383.3415 -387.0431 -391.1188 -395.19452 -399.27023
-181.18092 -183.14853 -185.11612 -187.0811 -189.01547 -190.94986 -193.11269 -195.29483 -197.41978 -199.54472 -201.66968 -203.79462 -205.92145 -208.05333 -210.18523 -212.31711 -214.449 -216.80383 -219.64034 -222.48172 -225.3231 -228.16447 -231.00586 -233.84724 -236.68861 -239.53 -242.37138 -245.20836 -248.03645 -250.86453 -253.69614 -256.6525 -259.6089 -262.56528 -265.52164 -268.47803 -271.43442 -274.39078 -277.34717 -280.2908 -283.7814 -287.36935 -290.98038 -294.5914 -298.2775 -302.2893 -306.30112 -310.31293 -314.3247 -318.33652 -322.34833 -326.36014 -330.37195 -334.38376 -338.39557 -342.3964 -346.0948 -349.76077 -353.42676 -357.09274 -360.75873 -364.42468 -368.09067 -371.75665 -375.42264 -379.14978 -383.2255 -387.3012
-172.34511 -174.31271 -176.2803 -178.24791 -180.21552 -182.15952 -184.08633 -186.09503 -188.13347 -190.26537 -192.39725 -194.52914 -196.66104 -198.79292 -200.92482 -203.0567 -205.1886 -207.3205 -209.76576 -212.5787 -215.39163 -218.23163 -221.073 -223.91438 -226.75577 -229.59714 -232.43852 -235.2799 -238.1155 -240.94357 -243.77167 -246.59975 -249.42784 -252.3164 -255.27278 -258.22916 -261.18555 -264.14194 -267.0983 -270.05466 -272.98553 -276.2669 -279.8326 -283.39835 -286.9772 -290.7957 -294.80746 -298.81927 -302.80524 -306.7912 -310.7772 -314.76315 -318.7491 -322.73508 -326.72104 -330.70703 -334.46286 -338.14587 -341.8226 -345.4993 -349.17386 -352.83984 -356.50583 -360.1718 -363.8378 -367.50375 -371.2565 -375.3322
-163.5093 -165.47688 -167.44449 -169.38243 -171.30925 -173.23607 -175.1629 -177.12695 -179.15778 -181.18861 -183.21944 -185.26874 -187.40063 -189.53252 -191.66441 -193.7963 -195.92819 -198.06009 -200.19197 -202.72769 -205.54063 -208.35356 -211.1665 -213.98154 -216.8229 -219.66429 -222.50568 -225.34705 -228.18843 -231.02261 -233.85071 -236.67879 -239.50688 -242.33498 -245.16306 -247.99115 -250.93668 -253.89305 -256.84943 -259.80582 -262.7494 -265.68027 -268.75238 -272.3181 -275.88382 -279.47586 -283.2008 -287.1299 -291.11588 -295.10184 -299.0878 -303.0738 -307.05975 -311.04572 -315.03168 -319.01764 -322.78528 -326.5076 -330.19028 -333.86697 -337.54367 -341.22037 -344.89706 -348.57376 -352.25046 -355.9189 -359.5849 -363.36322
-154.67348 -156.60533 -158.53217 -160.45898 -162.3858 -164.31264 -166.23946 -168.16628 -170.1897 -172.22054 -174.25136 -176.2822 -178.31302 -180.34386 -182.404 -184.53589 -186.66779 -188.79968 -190.93156 -193.06346 -195.68964 -198.50256 -201.31549 -204.12843 -206.94136 -209.7543 -212.57281 -215.4142 -218.25557 -221.09695 -223.92975 -226.75783 -229.58592 -232.414 -235.2421 -238.07019 -240.89827 -243.72636 -246.60056 -249.55695 -252.51324 -255.44412 -258.375 -261.30588 -264.8036 -268.3984 -272.04193 -275.72263 -279.54758 -283.41248 -287.39844 -291.3844 -295.3704 -299.35635 -303.34232 -307.32828 -311.10767 -314.83 -318.55234 -322.23468 -325.91138 -329.58807 -333.26477 -336.94147 -340.61816 -344.29486 -347.97156 -351.64825
-145.75507 -147.6819 -149.60872 -151.53554 -153.46237 -155.38919 -157.31601 -159.24284 -161.22162 -163.25246 -165.28328 -167.31412 -169.34494 -171.37578 -173.4066 -175.43744 -177.46826 -179.53926 -181.67116 -183.80305 -185.93494 -188.65157 -191.4645 -194.27744 -197.09036 -199.9033 -202.71623 -205.52917 -208.3421 -211.16411 -214.00548 -216.83687 -219.66496 -222.49304 -225.32114 -228.14922 -230.97731 -233.8054 -236.63348 -239.46158 -242.28967 -245.20796 -248.13884 -251.06972 -254.0006 -257.32095 -260.96448 -264.608 -268.25153 -272.0694 -275.89432 -279.71927 -283.681 -287.667 -291.65295 -295.63892 -299.43008 -303.1524 -306.87473 -310.59705 -314.27905 -317.95575 -321.63245 -325.30914 -328.98584 -332.66257 -336.27878 -339.78824
-136.83163 -138.75845 -140.68527 -142.6121 -144.53893 -146.46574 -148.39258 -150.3194 -152.25354 -154.28438 -156.3152 -158.34604 -160.37686 -162.4077 -164.43852 -166.46936 -168.50018 -170.53102 -172.56184 -174.59268 -176.67453 -178.80643 -181.6135 -184.42644 -187.23936 -190.05229 -192.86523 -195.67816 -198.4911 -201.30377 -204.11359 -206.92339 -209.71724 -212.53891 -215.3606 -218.18227 -221.00394 -223.8256 -226.6473 -229.46896 -232.29063 -235.11232 -238.07324 -241.0875 -244.02074 -246.954 -250.163 -253.7588 -257.3546 -260.9677 -264.69012 -268.41614 -272.2411 -276.066 -279.9636 -283.94955 -287.75247 -291.4748 -295.1971 -298.91943 -302.64178 -306.32346 -310.00015 -313.67685 -317.35355 -320.90826 -324.41776 -327.92722
-127.90819 -129.835 -131.76184 -133.68866 -135.61548 -137.54231 -139.46913 -141.39595 -143.32278 -145.3163 -147.34712 -149.37796 -151.40878 -153.43962 -155.47044 -157.50128 -159.5321 -161.56294 -163.59377 -165.6246 -167.65543 -169.67525 -171.79587 -174.56355 -177.37337 -180.18317 -182.99298 -185.80278 -188.6126 -191.42241 -194.23221 -197.04202 -199.83275 -202.59317 -205.35358 -208.1657 -210.98738 -213.80905 -216.63072 -219.4524 -222.27408 -225.09575 -227.91742 -230.82489 -233.96689 -237.00818 -239.94144 -243.0683 -246.66411 -250.26556 -253.98796 -257.71036 -261.43277 -265.15518 -268.8776 -272.4904 -276.0196 -279.79718 -283.51953 -287.24185 -290.96417 -294.6865 -298.36783 -302.02826 -305.53775 -309.04724 -312.55673 -316.0662
-118.84249 -120.833046 -122.82359 -124.76522 -126.69204 -128.61887 -130.54568 -132.47252 -134.39934 -136.34822 -138.37904 -140.40988 -142.4407 -144.47154 -146.50237 -148.5332 -150.56403 -152.59486 -154.5876 -156.57733 -158.56706 -160.55678 -162.60687 -165.02972 -167.49199 -170.3018 -173.1116 -175.92142 -178.73122 -181.54103 -184.35085 -187.16064 -189.97046 -192.73868 -195.4991 -198.2595 -201.01993 -203.79248 -206.61417 -209.43584 -212.2575 -215.07918 -217.90086 -220.72253 -223.57652 -226.71854 -229.86055 -232.92888 -235.9736 -239.5694 -243.2858 -247.00821 -250.7306 -254.1491 -257.51334 -260.8776 -264.24185 -267.7547 -271.5342 -275.31375 -279.09326 -282.87277 -286.5855 -290.09933 -293.67673 -297.18622 -300.6957 -304.2052
-109.685585 -111.67614 -113.666695 -115.65724 -117.6478 -119.63834 -121.622246 -123.54907 -125.4759 -127.40272 -129.41096 -131.4418 -133.47263 -135.50346 -137.51024 -139.49997 -141.48969 -143.47942 -145.46915 -147.45886 -149.4486 -151.43832 -153.42804 -155.84074 -158.26358 -160.68643 -163.23024 -166.04004 -168.84985 -171.65965 -174.46947 -177.27928 -180.08908 -182.8842 -185.64462 -188.40503 -191.16545 -193.92586 -196.68626 -199.44669 -202.24095 -205.06262 -207.8843 -210.70596 -213.52765 -216.34932 -219.47018 -222.61218 -225.7542 -228.8789 -232.44354 -235.8078 -239.17206 -242.53632 -245.90057 -249.26483 -252.62909 -255.99335 -259.4898 -263.26932 -267.04883 -270.82837 -274.5698 -277.82648 -281.08316 -284.63425 -288.26343 -291.89264
-100.52869 -102.51923 -104.50979 -106.500336 -108.49089 -110.48144 -112.47199 -114.46254 -116.453094 -118.44364 -120.43288 -122.4226 -124.41233 -126.402054 -128.39178 -130.3815 -132.37123 -134.36096 -136.35068 -138.34041 -140.33014 -142.31985 -144.30959 -146.65175 -149.0746 -151.49745 -153.92029 -156.34314 -158.96848 -161.77829 -164.58809 -167.3979 -170.20772 -173.01752 -175.79013 -178.55055 -181.31096 -184.07138 -186.83179 -189.59221 -192.35262 -195.11304 -197.87344 -200.6894 -203.51108 -206.33276 -209.15443 -212.22183 -215.36383 -218.50584 -221.51654 -224.48715 -227.5593 -230.92355 -234.28781 -237.65207 -241.01633 -244.38058 -247.74484 -251.2249 -255.00443 -258.78394 -262.55408 -265.81076 -269.06744 -272.32413 -275.5808 -279.16916
-91.37178 -93.362335 -95.35288 -97.34344 -99.333984 -101.32454 -103.31509 -105.29626 -107.2695 -109.24275 -111.215996 -113.239174 -115.26326 -117.28359 -119.27332 -121.26305 -123.25277 -125.24249 -127.23222 -129.22195 -131.21167 -133.2014 -135.19112 -137.46277 -139.8856 -142.30846 -144.73131 -147.15414 -149.577 -151.99985 -154.70673 -157.51653 -160.32634 -163.13615 -165.93565 -168.69608 -171.45648 -174.2169 -176.97731 -179.73772 -182.49814 -185.25854 -188.01897 -190.77937 -193.5398 -196.3162 -199.13786 -201.95955 -204.97346 -208.11548 -211.14243 -214.11304 -217.08365 -220.05426 -223.02486 -226.03929 -229.40356 -232.76782 -236.13208 -239.49634 -242.96 -246.73952 -250.51904 -253.79507 -257.05176 -260.30844 -263.56512 -266.8218
-82.214874 -84.20543 -86.19598 -88.18653 -90.162704 -92.13595 -94.10919 -96.08244 -98.05569 -100.02893 -102.00218 -104.006546 -106.03063 -108.05472 -110.07881 -112.1029 -114.12698 -116.12404 -118.11376 -120.103485 -122.09321 -124.08294 -126.07266 -128.27377 -130.69662 -133.11948 -135.54231 -137.96516 -140.38802 -142.81085 -145.2337 -147.65656 -150.44496 -153.25478 -156.06459 -158.84158 -161.602 -164.36241 -167.12283 -169.88324 -172.64366 -175.40407 -178.16449 -180.9249 -183.68532 -186.44572 -189.20613 -191.96655 -194.76465 -197.72511 -200.76833 -203.73894 -206.70953 -209.68015 -212.65076 -215.62137 -218.59196 -221.56258 -224.53319 -227.88356 -231.24782 -234.69511 -238.47462 -241.77936 -245.03604 -248.29272 -251.54941 -254.80609
-73.0559 -75.029144 -77.002396 -78.97564 -80.94888 -82.922134 -84.89538 -86.86862 -88.84187 -90.81512 -92.78836 -94.77392 -96.798004 -98.82209 -100.84618 -102.87027 -104.894356 -106.91844 -108.942535 -110.96662 -112.974754 -114.96448 -116.9542 -119.08479 -121.50764 -123.93049 -126.35333 -128.77618 -131.19902 -133.62187 -136.04472 -138.46756 -140.89041 -143.3734 -146.18321 -148.9871 -151.74753 -154.50793 -157.26836 -160.02876 -162.78918 -165.54959 -168.31 -171.07042 -173.83083 -176.59125 -179.35165 -182.11208 -184.87242 -187.59535 -190.39615 -193.36632 -196.33649 -199.30667 -202.27684 -205.24725 -208.21786 -211.18848 -214.15907 -217.12968 -220.1003 -223.0709 -226.4302 -229.76366 -233.02034 -236.27702 -239.5337 -242.79039
-63.842087 -65.81533 -67.78858 -69.761826 -71.73507 -73.70832 -75.681564 -77.65481 -79.62806 -81.6013 -83.57455 -85.5478 -87.56538 -89.58946 -91.61355 -93.63764 -95.66173 -97.685814 -99.70991 -101.73399 -103.75808 -105.78217 -107.80626 -109.895805 -112.31866 -114.7415 -117.164345 -119.58719 -122.01004 -124.432884 -126.85573 -129.27858 -131.70143 -134.12427 -136.54712 -139.11165 -141.89304 -144.65346 -147.41386 -150.17429 -152.9347 -155.67717 -158.40009 -161.12302 -163.84595 -166.56888 -169.29181 -172.01474 -174.73767 -177.4606 -180.18353 -183.0029 -185.97307 -188.94325 -191.91342 -194.88359 -197.85378 -200.82394 -203.79413 -206.7643 -209.73448 -212.70465 -215.61966 -218.44214 -221.47018 -224.69984 -227.9295 -231.15916
-54.78742 -56.718792 -58.650166 -60.581535 -62.521255 -64.4945 -66.46775 -68.440994 -70.41424 -72.38749 -74.36073 -76.33398 -78.33275 -80.356834 -82.38092 -84.405014 -86.4291 -88.453186 -90.47728 -92.501366 -94.492355 -96.45695 -98.42154 -100.38613 -102.69878 -105.14416 -107.58954 -110.03493 -112.48031 -114.92569 -117.37107 -119.81646 -122.26184 -124.70722 -127.1526 -129.59799 -132.0254 -134.65506 -137.37363 -140.09656 -142.81949 -145.54242 -148.26535 -150.98828 -153.71121 -156.43414 -159.15707 -161.88 -164.60294 -167.32587 -170.0488 -172.77173 -175.60965 -178.57982 -181.55 -184.52017 -187.49036 -190.46053 -193.4307 -196.40088 -199.37105 -202.31836 -205.14085 -207.96333 -210.78581 -213.60829 -216.66272 -219.89238
-45.74086 -47.672234 -49.603603 -51.534977 -53.46635 -55.397724 -57.329094 -59.260468 -61.200424 -63.17367 -65.14692 -67.12016 -69.10012 -71.12421 -73.14829 -75.172386 -77.19647 -79.165375 -81.12997 -83.09456 -85.05916 -87.02375 -88.98834 -90.952934 -93.0556 -95.500984 -97.946365 -100.391754 -102.837135 -105.28252 -107.727905 -110.17329 -112.61867 -115.06405 -117.50043 -119.92365 -122.346886 -124.77011 -127.394264 -130.05855 -132.72284 -135.40768 -138.13062 -140.85355 -143.57648 -146.29941 -149.02234 -151.74527 -154.4682 -157.19113 -159.91406 -162.637 -165.35992 -168.2164 -171.18657 -174.15675 -177.12692 -180.0971 -183.06728 -186.03745 -189.00763 -191.83955 -194.66203 -197.48451 -200.30699 -203.12949 -205.95197 -208.77444
-36.785877 -38.62567 -40.557045 -42.48842 -44.41979 -46.351162 -48.282536 -50.21391 -52.14528 -54.076653 -56.008026 -57.9394 -59.879593 -61.87381 -63.8384 -65.80299 -67.767586 -69.73218 -71.69677 -73.66136 -75.62595 -77.590546 -79.55514 -81.51973 -83.48432 -85.85781 -88.3032 -90.74858 -93.19396 -95.63934 -98.08473 -100.53011 -102.97545 -105.39868 -107.82191 -110.24513 -112.668365 -115.09159 -117.51482 -120.13347 -122.79775 -125.462036 -128.12633 -130.7906 -133.4549 -136.16467 -138.8876 -141.61053 -144.33345 -147.05638 -149.77931 -152.50224 -155.22517 -157.9481 -160.82315 -163.79332 -166.7635 -169.73367 -172.70386 -175.67403 -178.53825 -181.36073 -184.18321 -187.00569 -189.82819 -192.65067 -195.47314 -198.29562
-27.92196 -29.579113 -31.510485 -33.441856 -35.37323 -37.304604 -39.235977 -41.167347 -43.09872 -45.030094 -46.951653 -48.82495 -50.698246 -52.57653 -54.485874 -56.39522 -58.334385 -60.298977 -62.263573 -64.228165 -66.19276 -68.15735 -70.12194 -72.08653 -74.051125 -76.21464 -78.66003 -81.10541 -83.55079 -85.99618 -88.44156 -90.8737 -93.29693 -95.72016 -98.14339 -100.56661 -102.989845 -105.41307 -107.836296 -110.25952 -112.87267 -115.53696 -118.20124 -120.86553 -123.529816 -126.1941 -128.85838 -131.52267 -134.19872 -136.92165 -139.64458 -142.36751 -145.09044 -147.81337 -150.5363 -153.4299 -156.40009 -159.37025 -162.34042 -165.23695 -168.05943 -170.88191 -173.7044 -176.52689 -179.34937 -182.17184 -184.99432 -187.81682
-19.058043 -20.714994 -22.463926 -24.395298 -26.326672 -28.258043 -30.189417 -32.12079 -33.99592 -35.869213 -37.74251 -39.615807 -41.4891 -43.3624 -45.252956 -47.162304 -49.07165 -50.980995 -52.890343 -54.79969 -56.759556 -58.724148 -60.68874 -62.65333 -64.61793 -66.58252 -69.01685 -71.462234 -73.907616 -76.348724 -78.77196 -81.19518 -83.61841 -86.04164 -88.46487 -90.88809 -93.31132 -95.73455 -98.157776 -100.581 -103.004234 -105.61188 -108.27616 -110.94045 -113.60474 -116.26902 -118.933304 -121.59759 -124.26187 -126.926155 -129.59044 -132.25473 -134.9557 -137.67863 -140.40157 -143.1245 -146.03665 -149.00684 -151.93565 -154.75813 -157.58061 -160.4031 -163.22559 -166.04807 -168.87054 -171.69304 -174.51552 -177.338
-10.2413645 -11.864707 -13.508027 -15.348739 -17.280111 -19.166885 -21.040182 -22.913479 -24.786774 -26.66007 -28.533365 -30.406662 -32.279957 -34.153255 -36.02655 -37.929386 -39.838734 -41.74808 -43.657425 -45.566772 -47.47612 -49.385464 -51.29481 -53.220135 -55.184727 -57.14932 -59.37368 -61.81906 -64.24698 -66.670204 -69.09344 -71.51666 -73.93989 -76.36312 -78.78635 -81.20957 -83.6328 -86.05603 -88.479256 -90.90248 -93.325714 -95.74894 -98.35108 -101.01537 -103.67966 -106.34394 -109.008224 -111.67251 -114.33679 -117.001076 -119.66536 -122.32965 -124.993935 -127.65822 -130.3225 -132.98975 -135.71268 -138.63435 -141.45683 -144.27931 -147.1018 -149.91219 -152.69534 -155.4785 -158.26166 -161.04482 -163.82797 -166.61113
-1.4564447 -3.0797873 -4.6914926 -6.358427 -8.145601 -9.957742 -11.8310375 -13.704334 -15.57763 -17.450926 -19.324223 -21.197517 -23.070814 -24.94411 -26.817406 -28.69647 -30.605816 -32.515163 -34.424507 -36.333855 -38.243202 -40.152546 -42.061893 -43.97124 -45.880585 -47.789932 -49.700924 -52.115322 -54.56846 -56.991688 -59.414913 -61.838142 -64.26137 -66.6846 -69.10783 -71.53105 -73.95428 -76.37751 -78.800735 -81.22396 -83.647194 -86.07042 -88.493645 -91.09029 -93.75458 -96.41886 -99.083145 -101.74743 -104.41171 -107.076 -109.74028 -112.40457 -115.068855 -117.72117 -120.36927 -123.017365 -125.66547 -128.21225 -130.83484 -133.52457 -136.29623 -139.07939 -141.86255 -144.6457 -147.42886 -150.21202 -152.99518 -155.77834
7.3600216 5.749747 4.1400266 2.4661863 0.6790124 -1.1081614 -2.8953352 -4.682509 -6.469683 -8.256857 -10.115078 -11.988374 -13.86167 -15.734966 -17.608261 -19.481558 -21.372898 -23.282246 -25.191591 -27.100937 -29.010284 -30.91963 -32.828976 -34.7187 -36.6067 -38.494705 -40.38271 -42.370808 -44.37847 -46.81814 -49.27991 -51.74168 -54.203453 -56.665222 -59.12699 -61.588764 -64.05053 -66.51231 -68.974075 -71.435844 -73.89761 -76.35938 -78.815125 -81.23835 -83.8295 -86.482574 -89.13068 -91.77877 -94.42687 -97.074974 -99.72307 -102.37117 -105.019264 -107.667366 -110.31546 -112.96356 -115.61166 -118.10371 -120.58062 -123.12868 -125.81842 -128.50815 -131.19789 -133.88763 -136.59607 -139.37923 -142.16238 -144.94554
16.191048 14.581327 12.971607 11.2908 9.503626 7.716452 5.9292784 4.142104 2.3549304 0.5677566 -1.2194172 -3.006591 -4.793765 -6.580939 -8.399117 -10.272413 -12.14571 -14.049328 -15.9586735 -17.863325 -19.75133 -21.639332 -23.527336 -25.415339 -27.30334 -29.191345 -31.079348 -33.033028 -35.04069 -37.04836 -39.059185 -41.520958 -43.982727 -46.444496 -48.90627 -51.36804 -53.829807 -56.29158 -58.75335 -61.21512 -63.67689 -66.138664 -68.60043 -71.133064 -73.78088 -76.42877 -79.076866 -81.72497 -84.37306 -87.021164 -89.66926 -92.31736 -94.965454 -97.613556 -100.26166 -102.90975 -105.518234 -107.995155 -110.47207 -112.94899 -115.42591 -118.11227 -120.802 -123.49174 -126.18147 -128.87122 -131.56094 -134.25069
10e32 10e32 10e32 20.115309 18.328102 16.540895 14.753691 12.966484 11.179278 9.392073 7.604867 5.817661 4.030455 2.243847 0.4566405 -1.3305659 -3.0420847 -4.7984633 -6.6719623 -8.559965 -10.4479685 -12.335972 -14.223975 -16.111979 -17.99998 -19.887983 -21.775988 -23.695248 -25.702911 -27.710577 -29.718243 -31.725906 -33.762 -36.223774 -38.685543 -41.147312 -43.609085 -46.070854 -48.532623 -50.994396 -53.456165 -55.91794 -58.431866 -61.079678 -63.727493 -66.37531 -69.023125 -71.67116 -74.31926 -76.967354 -79.615456 -82.26355 -84.91165 -87.559746 -90.20785 -92.85594 -95.40968 -97.886604 -100.363525 -102.84044 -105.31736 -107.79428 -110.406105 -113.09585 -115.78558 -118.47532 -121.165054 -123.85479
10e32 10e32 10e32 10e32 10e32 10e32 10e32 10e32 20.004656 18.21745 16.430243 14.643059 12.923713 11.239966 9.556221 7.8726015 6.1888924 4.4387703 2.5701213 0.7017931 -1.1665353 -3.0348635 -4.9206142 -6.8086176 -8.696621 -10.584623 -12.472627 -14.36063 -16.365131 -18.372797 -20.38046 -22.388126 -24.395792 -26.403456 -28.464819 -30.92659 -33.38836 -35.850132 -38.3119 -40.77367 -43.235443 -45.730663 -48.37848 -51.02629 -53.674107 -56.321922 -58.969738 -61.617554 -64.26545 -66.91355 -69.561646 -72.20975 -74.85784 -77.50594 -80.15404 -82.80214 -85.30113 -87.77805 -90.254974 -92.73189 -95.20881 -97.68573 -100.16265 -102.69995 -105.389694 -108.07943 -110.769165 -113.4589
10e32 10e32 10e32 10e32 10e32 10e32 10e32 10e32 10e32 10e32 10e32 10e32 10e32 10e32 18.787271 17.103563 15.419861 13.676109 11.807165 9.938706 8.070377 6.2020497 4.333721 2.4653928 0.59706455 -1.2812632 -3.1692665 -5.0572696 -7.0273514 -9.035016 -11.042682 -13.050346 -15.058011 -17.065676 -19.073341 -21.081005 -23.167635 -25.629406 -28.091177 -30.552946 -33.02946 -35.677277 -38.325092 -40.972904 -43.62072 -46.268536 -48.91635 -51.564167 -54.211983 -56.859795 -59.50784 -62.155937 -64.80404 -67.45213 -70.100235 -72.71566 -75.19258 -77.6695 -80.14642 -82.623344 -85.10026 -87.57718 -90.0541 -92.53102 -95.00794 -97.68354 -100.373276 -103.06301
10e32 10e32 10e32 10e32 10e32 10e32 10e32 10e32 10e32 10e32 10e32 10e32 10e32 10e32 10e32 10e32 10e32 10e32 10e32 19.17562 17.307291 15.438963 13.570634 11.702306 9.834003 7.965708 6.097412 4.2291236 2.3117576 0.3031388 -1.7049011 -3.712566 -5.720231 -7.7278957 -9.73556 -11.743226 -13.750891 -15.758555 -17.870451 -20.332222 -22.976074 -25.62389 -28.271704 -30.91952 -33.567333 -36.21515 -38.862965 -41.51078 -44.158596 -46.80641 -49.454224 -52.10213 -54.75023 -57.398327 -60.046425 -62.607113 -65.08403 -67.56095 -70.03787 -72.51479 -74.99171 -77.46863 -79.94555 -82.42247 -84.89939 -87.376305 -89.97739 -92.66712
10e32 10e32 10e32 10e32 10e32 10e32 10e32 10e32 10e32 10e32 10e32 10e32 10e32 10e32 10e32 10e32 10e32 10e32 10e32 10e32 10e32 10e32 10e32 10e32 19.075314 17.216827 15.358342 13.498714 11.639028 9.660917 7.6523237 5.643705 3.6350858 1.6264671 -0.38215178 -2.3907707 -4.3993897 -6.4080086 -8.413838 -10.407496 -12.998075 -15.625648 -18.253222 -20.880795 -23.513948 -26.161762 -28.809578 -31.457394 -34.10521 -36.753025 -39.400837 -42.048653 -44.69647 -47.34452 -49.99262 -52.49856 -54.975483 -57.452404 -59.92932 -62.406242 -64.88316 -67.36008 -69.837 -72.31392 -74.789955 -77.265785 -79.741615 -81.942085
10e32 10e32 10e32 10e32 10e32 10e32 10e32 10e32 10e32 10e32 10e32 10e32 10e32 10e32 10e32 10e32 10e32 10e32 10e32 10e32 10e32 10e32 10e32 10e32 10e32 10e32 10e32 10e32 10e32 19.018595 17.010054 15.001509 12.992889 10.984271 8.975652 6.9669685 4.9582753 2.9593213 0.9659047 -1.027738 -3.1287267 -5.7565045 -8.384078 -11.011652 -13.639225 -16.266798 -18.894373 -21.521946 -24.149519 -26.777094 -29.404667 -32.03224 -34.659813 -37.290897 -39.913094 -42.38972 -44.86555 -47.341385 -49.817215 -52.293045 -54.768875 -57.244705 -59.720535 -62.196365 -64.672195 -67.148026 -69.623856 -71.94109
10e32 10e32 10e32 10e32 10e32 10e32 10e32 10e32 10e32 10e32 10e32 10e32 10e32 10e32 10e32 10e32 10e32 10e32 10e32 10e32 10e32 10e32 10e32 10e32 10e32 10e32 10e32 10e32 10e32 10e32 10e32 10e32 10e32 10e32 18.333252 16.326061 14.332488 12.339071 10.3456545 8.352019 6.3579664 4.112938 1.485065 -1.1425085 -3.770082 -6.3976555 -9.025229 -11.652802 -14.280376 -16.90795 -19.535522 -22.163097 -24.79026 -27.361938 -29.838364 -32.297638 -34.74931 -37.223625 -39.699455 -42.175285 -44.65112 -47.12695 -49.60278 -52.07861 -54.55444 -57.03027 -59.5061 -61.940105
