test/UKGEOS_Glasgow/EXPORTS/ASCII(5mCell)/Faults/Fault_f6_50m_GGERFS_Predrill(5m).asc
ncols 323
nrows 52
xllcenter 261272.53
yllcenter 663796.06
cellsize 5.0
nodata_value 10e32
[rows 0 to 27 of 52, columns 248 to 309 of 323]
10e32 10e32 10e32 10e32 10e32 10e32 10e32 10e32 10e32 10e32 10e32 10e32 10e32 10e32 10e32 10e32 10e32 10e32 10e32 10e32 10e32 10e32 10e32 10e32 10e32 10e32 10e32 10e32 10e32 10e32 -131.10526 10e32 10e32 10e32 10e32 10e32 10e32 10e32 10e32 10e32 10e32 10e32 10e32 10e32 10e32 10e32 10e32 10e32 10e32 10e32 10e32 10e32 10e32 10e32 10e32 10e32 10e32 10e32 10e32 10e32 10e32 10e32
10e32 10e32 10e32 10e32 10e32 10e32 10e32 10e32 10e32 10e32 10e32 10e32 10e32 10e32 10e32 10e32 10e32 10e32 10e32 10e32 10e32 10e32 10e32 10e32 -129.66061 -129.1143 -128.568 -128.02167 -127.47536 -126.92904 -126.38272 -125.910774 -125.90329 10e32 10e32 10e32 10e32 10e32 10e32 10e32 10e32 10e32 10e32 10e32 10e32 10e32 10e32 10e32 10e32 10e32 10e32 10e32 10e32 10e32 10e32 10e32 10e32 10e32 10e32 10e32 10e32 10e32
10e32 10e32 10e32 10e32 10e32 10e32 10e32 10e32 10e32 10e32 10e32 10e32 10e32 10e32 10e32 10e32 10e32 10e32 -128.22638 -127.66966 -127.12335 -126.577034 -126.030716 -125.4844 -124.93808 -124.39177 -123.84545 -123.29913 -122.752815 -122.206505 -121.66019 -121.11387 -121.027794 -121.02031 -121.01283 10e32 10e32 10e32 10e32 10e32 10e32 10e32 10e32 10e32 10e32 10e32 10e32 10e32 10e32 10e32 10e32 10e32 10e32 10e32 10e32 10e32 10e32 10e32 10e32 10e32 10e32 10e32
10e32 10e32 10e32 10e32 10e32 10e32 10e32 10e32 10e32 10e32 10e32 10e32 -127.23736 -126.568504 -125.89965 -125.2308 -124.56195 -123.8931 -123.22424 -122.55539 -122.13106 -121.718056 -121.30505 -120.76186 -120.215546 -119.66923 -119.12291 -118.5766 -118.03028 -117.48396 -116.937645 -116.391335 -116.1523 -116.14481 -116.13733 -116.12985 -115.99968 10e32 10e32 10e32 10e32 10e32 10e32 10e32 10e32 10e32 10e32 10e32 10e32 10e32 10e32 10e32 10e32 10e32 10e32 10e32 10e32 10e32 10e32 10e32 10e32 10e32
10e32 10e32 10e32 10e32 10e32 10e32 -126.23878 -125.57948 -124.91063 -124.241776 -123.57292 -122.90407 -122.235214 -121.56636 -120.89751 -120.22866 -119.55981 -118.89095 -118.2221 -117.553246 -116.98587 -116.57287 -116.159874 -115.74687 -115.33388 -114.920876 -114.400375 -113.85406 -113.30774 -112.76143 -112.21511 -111.66879 -111.2768 -111.26932 -111.26183 -111.15448 -111.02192 -110.88936 10e32 10e32 10e32 10e32 10e32 10e32 10e32 10e32 10e32 10e32 10e32 10e32 10e32 10e32 10e32 10e32 10e32 10e32 10e32 10e32 10e32 10e32 10e32 10e32
-125.02245 -124.39613 -123.76981 -123.143486 -122.517166 -121.89085 -121.240105 -120.57309 -119.90623 -119.23936 -118.57078 -117.901924 -117.23307 -116.56422 -115.89537 -115.22652 -114.55766 -113.88881 -113.219955 -112.5511 -111.88225 -111.42769 -111.01469 -110.60169 -110.18869 -109.77569 -109.36269 -108.94969 -108.5367 -108.03889 -107.49257 -106.94626 -106.4013 -106.39382 -106.30929 -106.17673 -106.04417 -105.911606 -105.779045 -105.646484 10e32 10e32 10e32 10e32 10e32 10e32 10e32 10e32 10e32 10e32 10e32 10e32 10e32 10e32 10e32 10e32 10e32 10e32 10e32 10e32 10e32 10e32
-120.0482 -119.42188 -118.795555 -118.169235 -117.542915 -116.89988 -116.232765 -115.56569 -114.89883 -114.23196 -113.56509 -112.89822 -112.23093 -111.56208 -110.89323 -110.22437 -109.55552 -108.886665 -108.21781 -107.54896 -106.880104 -106.2825 -105.86951 -105.456505 -105.0435 -104.63051 -104.21751 -103.80451 -103.39151 -102.97851 -102.56551 -102.15251 -101.6774 -101.464096 -101.331535 -101.205605 -101.08475 -100.96388 -100.84302 -100.72215 -100.57562 -100.40847 10e32 10e32 10e32 10e32 10e32 10e32 10e32 10e32 10e32 10e32 10e32 10e32 10e32 10e32 10e32 10e32 10e32 10e32 10e32 10e32
-115.07395 -114.44763 -113.821304 -113.194984 -112.559654 -111.89255 -111.22543 -110.55833 -109.89142 -109.224556 -108.557686 -107.890816 -107.223946 -106.55708 -105.89021 -105.22223 -104.553375 -103.88452 -103.21567 -102.546814 -101.87796 -101.20911 -100.72432 -100.311325 -99.89832 -99.48532 -99.07233 -98.659325 -98.24632 -97.83333 -97.42033 -97.05421 -96.77438 -96.563484 -96.44262 -96.321754 -96.2009 -96.08003 -95.95917 -95.8219 -95.65475 -95.487595 -95.32044 10e32 10e32 10e32 10e32 10e32 10e32 10e32 10e32 10e32 10e32 10e32 10e32 10e32 10e32 10e32 10e32 10e32 10e32 10e32
-110.0997 -109.47337 -108.84705 -108.21943 -107.55232 -106.88521 -106.2181 -105.550995 -104.88402 -104.21715 -103.550285 -102.883415 -102.216545 -101.549675 -100.88281 -100.21594 -99.54907 -98.8822 -98.213524 -97.54467 -96.87582 -96.20697 -95.57914 -95.16614 -94.753136 -94.34014 -93.92714 -93.514145 -93.10114 -92.77538 -92.49555 -92.21573 -91.935905 -91.679634 -91.55877 -91.437904 -91.31705 -91.19618 -91.06818 -90.901024 -90.73387 -90.56672 -90.39957 -90.232414 -90.06526 10e32 10e32 10e32 10e32 10e32 10e32 10e32 10e32 10e32 10e32 10e32 10e32 10e32 10e32 10e32 10e32 10e32
-105.12545 -104.49912 -103.8728 -103.2121 -102.54498 -101.87788 -101.21077 -100.54366 -99.87662 -99.20975 -98.542885 -97.876015 -97.209145 -96.542274 -95.875404 -95.20854 -94.54167 -93.8748 -93.20793 -92.54107 -91.87368 -91.20483 -90.53597 -90.02095 -89.607956 -89.194954 -88.78196 -88.49656 -88.21673 -87.936905 -87.657074 -87.37725 -87.09743 -86.8176 -86.67492 -86.55406 -86.4332 -86.31233 -86.1473 -85.98015 -85.812996 -85.64584 -85.47869 -85.31154 -85.14439 -84.977234 -84.81009 10e32 10e32 10e32 10e32 10e32 10e32 10e32 10e32 10e32 10e32 10e32 10e32 10e32 10e32 10e32
-100.1512 -99.52487 -98.87187 -98.20476 -97.53765 -96.870544 -96.20344 -95.53632 -94.86922 -94.20235 -93.53548 -92.868614 -92.201744 -91.534874 -90.868004 -90.20113 -89.53427 -88.8674 -88.20053 -87.53366 -86.8668 -86.19993 -85.53306 -84.87577 -84.49756 -84.217735 -83.937904 -83.65808 -83.37825 -83.09843 -82.818596 -82.53877 -82.25895 -81.97912 -81.79107 -81.67021 -81.54935 -81.39358 -81.226425 -81.05927 -80.89212 -80.72497 -80.557816 -80.39066 -80.22351 -80.05636 -79.889206 -79.72206 10e32 10e32 10e32 10e32 10e32 10e32 10e32 10e32 10e32 10e32 10e32 10e32 10e32 10e32
-95.17694 -94.53165 -93.86453 -93.197426 -92.53032 -91.86321 -91.196106 -90.52899 -89.861885 -89.19495 -88.528076 -87.861206 -87.19434 -86.52747 -85.8606 -85.19373 -84.52687 -83.86 -83.19313 -82.52626 -81.85939 -81.19253 -80.54148 -79.98204 -79.55299 -79.31457 -79.07613 -78.8196 -78.53977 -78.25995 -77.98012 -77.700294 -77.42047 -77.14064 -76.90722 -76.78636 -76.63985 -76.4727 -76.30555 -76.1384 -75.971245 -75.80409 -75.63694 -75.46979 -75.302635 -75.13548 -74.96833 -74.80118 -74.63403 -74.4901 10e32 10e32 10e32 10e32 10e32 10e32 10e32 10e32 10e32 10e32 10e32 10e32
-90.19142 -89.52431 -88.8572 -88.190094 -87.52299 -86.85588 -86.18877 -85.52166 -84.85455 -84.187546 -83.520676 -82.853806 -82.186935 -81.52007 -80.8532 -80.18633 -79.51946 -78.8526 -78.18573 -77.51886 -76.85199 -76.27932 -75.71989 -75.160446 -74.60101 -74.27955 -74.041115 -73.80269 -73.564255 -73.32583 -73.087395 -72.84897 -72.58199 -72.30216 -72.02338 -71.88612 -71.71897 -71.55182 -71.384674 -71.21752 -71.06669 -70.928276 -70.78986 -70.65146 -70.51305 -70.37463 -70.23623 -70.09782 -69.959404 -69.74093 -69.47852 10e32 10e32 10e32 10e32 10e32 10e32 10e32 10e32 10e32 10e32 10e32
-85.18408 -84.516975 -83.84987 -83.18276 -82.515656 -81.84854 -81.181435 -80.51433 -79.84722 -79.180145 -78.513275 -77.846405 -77.179535 -76.51267 -75.8458 -75.17893 -74.51206 -73.84519 -73.17833 -72.5766 -72.01716 -71.457726 -70.89829 -70.33885 -69.77942 -69.24452 -69.006096 -68.76766 -68.529236 -68.2908 -68.052376 -67.81394 -67.575516 -67.33708 -67.11489 -67.08964 -66.951225 -66.81282 -66.67441 -66.535995 -66.39759 -66.25918 -66.120766 -65.98236 -65.84395 -65.705536 -65.56713 -65.42872 -65.243164 -64.98076 -64.718346 -64.45594 -64.19353 10e32 10e32 10e32 10e32 10e32 10e32 10e32 10e32 10e32
-80.17675 -79.50964 -78.84254 -78.17543 -77.508316 -76.84121 -76.1741 -75.506996 -74.83988 -74.172775 -73.505875 -72.839005 -72.172134 -71.505264 -70.8384 -70.17153 -69.50466 -68.87388 -68.31444 -67.755005 -67.195564 -66.63613 -66.0767 -65.51726 -64.957825 -64.398384 -63.971073 -63.732643 -63.494213 -63.255783 -63.017353 -62.778923 -62.540493 -62.302063 -62.23143 -62.260727 -62.282127 -62.14372 -62.005306 -61.866898 -61.72849 -61.590076 -61.451668 -61.31326 -61.174847 -61.036438 -60.89803 -60.7454 -60.48299 -60.22058 -59.958176 -59.695766 -59.433357 -59.170948 -58.90854 10e32 10e32 10e32 10e32 10e32 10e32 10e32
-75.16942 -74.50231 -73.835205 -73.16809 -72.500984 -71.83388 -71.16677 -70.499664 -69.83255 -69.16544 -68.498474 -67.831604 -67.164734 -66.49786 -65.83099 -65.17115 -64.61172 -64.05228 -63.492844 -62.933407 -62.373974 -61.814537 -61.2551 -60.695663 -60.13623 -59.576794 -59.017357 -58.697624 -58.459194 -58.220764 -57.982334 -57.743904 -57.505474 -57.318676 -57.347973 -57.377266 -57.406563 -57.435856 -57.33621 -57.197796 -57.059387 -56.92098 -56.782566 -56.644157 -56.50575 -56.367336 -56.228928 -55.98523 -55.72282 -55.46041 -55.198 -54.935593 -54.673183 -54.410774 -54.148365 -53.885956 10e32 10e32 10e32 10e32 10e32 10e32
-70.16209 -69.49498 -68.827866 -68.16076 -67.49365 -66.826546 -66.15944 -65.492325 -64.82522 -64.15811 -63.49107 -62.8242 -62.157333 -61.490463 -60.908993 -60.349556 -59.790123 -59.230686 -58.67125 -58.111813 -57.55238 -56.992943 -56.433506 -55.87407 -55.314636 -54.7552 -54.195763 -53.6626 -53.42417 -53.18574 -52.94731 -52.70888 -52.47045 -52.435215 -52.46451 -52.49381 -52.5231 -52.5524 -52.58169 -52.528698 -52.39029 -52.251877 -52.11347 -51.97506 -51.836647 -51.69824 -51.487465 -51.225056 -50.962646 -50.700237 -50.437828 -50.17542 -49.91301 -49.6506 -49.38819 -49.125782 -48.863373 -48.600964 10e32 10e32 10e32 10e32
-64.95796 -64.32601 -63.694057 -63.062103 -62.43015 -61.798195 -61.152103 -60.484993 -59.817886 -59.150776 -58.48367 -57.8168 -57.206272 -56.646835 -56.0874 -55.52796 -54.96853 -54.409092 -53.849655 -53.29022 -52.730785 -52.17135 -51.61191 -51.052475 -50.493042 -49.933605 -49.37417 -48.81473 -48.389153 -48.150723 -47.912292 -47.673862 -47.52246 -47.551758 -47.58105 -47.610348 -47.639645 -47.668938 -47.698235 -47.72753 -47.721188 -47.58278 -47.444366 -47.305958 -47.16755 -46.9897 -46.72729 -46.46488 -46.202473 -45.940063 -45.677654 -45.415245 -45.152836 -44.890427 -44.628017 -44.36561 -44.119663 -43.90053 -43.6814 -43.355793 10e32 10e32
-59.72765 -59.095695 -58.46374 -57.831787 -57.199833 -56.56788 -55.935925 -55.30397 -54.672016 -54.040062 -53.41783 -52.87141 -52.369377 -51.82524 -51.265804 -50.706367 -50.146935 -49.587498 -49.02806 -48.468624 -47.90919 -47.349754 -46.790318 -46.23088 -45.671444 -45.11201 -44.552574 -43.993137 -43.4337 -43.1157 -42.87727 -42.63884 -42.639004 -42.668297 -42.697594 -42.72689 -42.756184 -42.78548 -42.814774 -42.84407 -42.873367 -42.90266 -42.77527 -42.63686 -42.491936 -42.229527 -41.967117 -41.70471 -41.4423 -41.17989 -40.91748 -40.681583 -40.462452 -40.24332 -40.024193 -39.80506 -39.58593 -39.3668 -39.099384 -38.765232 -38.43108 10e32
-54.497334 -53.86538 -53.233425 -52.60147 -51.969517 -51.337563 -50.70561 -50.073658 -49.46115 -48.850803 -48.245754 -47.656338 -47.1149 -46.612865 -46.110832 -45.6088 -45.106766 -44.604733 -44.1027 -43.600666 -43.087593 -42.52816 -41.968723 -41.409286 -40.84985 -40.290417 -39.73098 -39.171543 -38.612106 -38.08068 -37.84225 -37.726246 -37.755543 -37.78484 -37.814133 -37.84343 -37.872726 -37.90202 -37.931316 -37.960613 -37.989906 -38.019203 -38.048496 -37.96776 -37.731762 -37.469353 -37.243504 -37.024372 -36.80524 -36.586113 -36.36698 -36.14785 -35.92872 -35.70959 -35.49046 -35.271328 -35.052197 -34.83307 -34.508823 -34.17467 -33.84052 -33.50637
-49.267017 -48.635063 -48.00311 -47.371155 -46.7392 -46.114822 -45.504475 -44.894127 -44.28378 -43.67343 -43.076107 -42.486687 -41.89727 -41.358383 -40.85635 -40.354317 -39.852287 -39.350254 -38.84822 -38.346188 -37.844154 -37.34212 -36.840088 -36.338055 -35.83602 -35.33399 -34.831955 -34.32992 -33.790512 -33.23108 -32.81349 -32.84279 -32.872086 -32.90138 -32.930676 -32.958263 -32.98375 -33.00923 -33.034714 -33.060196 -33.08568 -33.111164 -33.136646 -33.1776 -33.148033 -32.9289 -32.70977 -32.490643 -32.27151 -32.05238 -31.83325 -31.614119 -31.394989 -31.175858 -30.956728 -30.737597 -30.518467 -30.252413 -29.918262 -29.58411 -29.24996 -28.91581
-44.0367 -43.404747 -42.772797 -42.158146 -41.5478 -40.937447 -40.3271 -39.71675 -39.106403 -38.496056 -37.906456 -37.31704 -36.727623 -36.138206 -35.60187 -35.09984 -34.597805 -34.09577 -33.59374 -33.091705 -32.589672 -32.087643 -31.585608 -31.083574 -30.581543 -30.07951 -29.577477 -29.075443 -28.57341 -28.071377 -27.960712 -27.91689 -27.942373 -27.967855 -27.99334 -28.018822 -28.044304 -28.069788 -28.09527 -28.120754 -28.146236 -28.17172 -28.197203 -28.257587 -28.325636 -28.393684 -28.176039 -27.95691 -27.737778 -27.518648 -27.299517 -27.080387 -26.861256 -26.642126 -26.422995 -26.203865 -25.984734 -25.661854 -25.327702 -24.993551 -24.659399 -24.325249
-38.811813 -38.201466 -37.591118 -36.98077 -36.370422 -35.760075 -35.149727 -34.53938 -33.92903 -33.32622 -32.736805 -32.14739 -31.557972 -30.968555 -30.379139 -29.845358 -29.343325 -28.841293 -28.33926 -27.837227 -27.335194 -26.83316 -26.331127 -25.829094 -25.327063 -24.82503 -24.322996 -23.820963 -23.360369 -23.261171 -23.161976 -23.062778 -23.00293 -23.028412 -23.053896 -23.079378 -23.104862 -23.130344 -23.155828 -23.18131 -23.206795 -23.232277 -23.269526 -23.337574 -23.405622 -23.473671 -23.54172 -23.423178 -23.204046 -22.984917 -22.765785 -22.546656 -22.327524 -22.108395 -21.889263 -21.670134 -21.405443 -21.071293 -20.73714 -20.40299 -20.06884 -19.734688
-33.63444 -33.024094 -32.413746 -31.803396 -31.193048 -30.5827 -29.972353 -29.362003 -28.751656 -28.156574 -27.567156 -26.97774 -26.388323 -25.798906 -25.20949 -24.620073 -24.088844 -23.586813 -23.08478 -22.582747 -22.080713 -21.57868 -21.076647 -20.574615 -20.072582 -19.570549 -19.068516 -18.66083 -18.561632 -18.462435 -18.363237 -18.264042 -18.164845 -18.08897 -18.114452 -18.139936 -18.165419 -18.1909 -18.216385 -18.241867 -18.267351 -18.292833 -18.349512 -18.41756 -18.48561 -18.553658 -18.621706 -18.689753 -18.670315 -18.451183 -18.232054 -18.012922 -17.793793 -17.574661 -17.355532 -17.1364 -16.814884 -16.480732 -16.146582 -15.81243 -15.478279 -15.144128
-28.457066 -27.846718 -27.23637 -26.626022 -26.015675 -25.405327 -24.794977 -24.18463 -23.576342 -22.986923 -22.397507 -21.80809 -21.218674 -20.629257 -20.03984 -19.450422 -18.861006 -18.332333 -17.8303 -17.328266 -16.826233 -16.3242 -15.822167 -15.320134 -14.818102 -14.316069 -13.961289 -13.862092 -13.762895 -13.663698 -13.564501 -13.465303 -13.366107 -13.26691 -13.17501 -13.200493 -13.225976 -13.251458 -13.276941 -13.302424 -13.327908 -13.36145 -13.429498 -13.497546 -13.565595 -13.633643 -13.701692 -13.76974 -13.837788 -13.905836 -13.698321 -13.479191 -13.26006 -13.04093 -12.821799 -12.558475 -12.224323 -11.890172 -11.556021 -11.22187 -10.887719 -10.553568
-23.279692 -22.669344 -22.058996 -21.448648 -20.8383 -20.227951 -19.617603 -19.007256 -18.40669 -17.817274 -17.227858 -16.638441 -16.049025 -15.459607 -14.870191 -14.280773 -13.691357 -13.10194 -12.575819 -12.073786 -11.5717535 -11.06972 -10.567687 -10.065655 -9.5636215 -9.261749 -9.162552 -9.0633545 -8.964158 -8.864961 -8.765763 -8.666567 -8.567369 -8.468173 -8.368976 -8.269778 -8.286532 -8.312016 -8.337499 -8.362982 -8.388465 -8.441436 -8.509484 -8.577533 -8.645581 -8.71363 -8.781677 -8.849726 -8.917774 -8.985823 -9.053871 -8.945458 -8.726328 -8.507197 -8.288067 -7.9679136 -7.633763 -7.2996116 -6.965461 -6.6313095 -6.291606 -5.9509306
-18.102318 -17.49197 -16.881622 -16.271275 -15.660926 -15.050577 -14.440229 -13.829882 -13.237041 -12.647625 -12.058208 -11.468791 -10.8793745 -10.289958 -9.700541 -9.111124 -8.521708 -7.9322906 -7.3428736 -6.819306 -6.317273 -5.8152404 -5.313207 -4.8111744 -4.5622087 -4.4630117 -4.363815 -4.264618 -4.1654205 -4.0662236 -3.9670265 -3.8678296 -3.7686324 -3.6694355 -3.5702384 -3.4710414 -3.3718443 -3.3725724 -3.3980556 -3.4235387 -3.453374 -3.5214224 -3.5894706 -3.6575189 -3.7255673 -3.7936156 -3.8616638 -3.9297123 -3.9977605 -4.065809 -4.1338573 -4.2019057 -4.1925964 -3.973466 -3.7115045 -3.3773534 -3.0432024 -2.7037024 -2.3630269 -2.022351 -1.6816753 -1.3409997
-12.919518 -12.314595 -11.704247 -11.0939 -10.483551 -9.873203 -9.262856 -8.656809 -8.067392 -7.4779754 -6.8885584 -6.299142 -5.709725 -5.120308 -4.5308914 -3.9414744 -3.3520577 -2.762641 -2.173224 -1.5838072 -1.0627929 -0.56076 -0.058727104 0.1373313 0.23652834 0.33572537 0.43492243 0.5341194 0.63331646 0.73251355 0.8317106 0.9309076 1.0301046 1.1293017 1.2284987 1.3276957 1.4268928 1.5260898 1.5413876 1.5159044 1.4666396 1.3985914 1.330543 1.2624947 1.1944464 1.1263981 1.0583498 0.9903015 0.92225313 0.85420483 0.78615654 0.71810824 0.6500599 0.5820116 0.8842013 1.224877 1.5655527 1.9062283 2.2469041 2.5875797 2.9282553 3.2689312
