test/UKGEOS_Glasgow/EXPORTS/ASCII(5mCell)/Faults/Fault_Rutherglen_50m_GGERFS_Predrill(5m).asc
ncols 567
nrows 127
xllcenter 260000.0
yllcenter 660850.0
cellsize 5.0
nodata_value 10e32
[rows 93 to 123 of 127, columns 340 to 407 of 567]
-415.468 -419.65268 -423.83737 -427.86618 -431.7201 -435.51288 -439.30563 -443.0984 -446.89117 -450.68393 -454.47668 -458.26944 -462.06223 -465.85498 -469.64774 -473.44052 -477.56763 -482.17105 -486.77448 -491.3779 -495.98132 10e32 10e32 10e32 10e32 10e32 10e32 10e32 10e32 10e32 10e32 10e32 10e32 10e32 10e32 10e32 10e32 10e32 10e32 10e32 10e32 10e32 10e32 10e32 10e32 10e32 10e32 10e32 10e32 10e32 10e32 10e32 10e32 10e32 10e32 10e32 10e32 10e32 10e32 10e32 10e32 10e32 10e32 10e32 10e32 10e32 10e32 10e32
-386.98907 -390.7519 -394.51468 -398.2775 -402.04028 -405.8031 -409.56592 -413.55652 -417.58972 -421.62292 -425.65613 -429.68933 -433.62796 -437.42072 -441.21347 -445.00626 -448.799 -452.59177 -456.38455 -460.80377 -465.4072 -470.01062 -474.61404 -479.2175 -483.82092 -488.42435 -493.02777 -497.6312 10e32 10e32 10e32 10e32 10e32 10e32 10e32 10e32 10e32 10e32 10e32 10e32 10e32 10e32 10e32 10e32 10e32 10e32 10e32 10e32 10e32 10e32 10e32 10e32 10e32 10e32 10e32 10e32 10e32 10e32 10e32 10e32 10e32 10e32 10e32 10e32 10e32 10e32 10e32 10e32
-357.4165 -361.17154 -364.92654 -368.68878 -372.4516 -376.21442 -379.9772 -383.74002 -387.5028 -391.3078 -395.341 -399.3742 -403.4074 -407.4406 -411.47382 -415.507 -419.5402 -423.5734 -427.6066 -431.6398 -435.5358 -439.43652 -444.03995 -448.64337 -453.2468 -457.85022 -462.43942 -466.9471 -471.45483 -475.96252 -480.47025 -484.97794 -489.48566 -494.1836 -499.55493 10e32 10e32 10e32 10e32 10e32 10e32 10e32 10e32 10e32 10e32 10e32 10e32 10e32 10e32 10e32 10e32 10e32 10e32 10e32 10e32 10e32 10e32 10e32 10e32 10e32 10e32 10e32 10e32 10e32 10e32 10e32 10e32 10e32
-327.88763 -331.64264 -335.39767 -339.1527 -342.90775 -346.66275 -350.4178 -354.17282 -357.92786 -361.68286 -365.43973 -369.20255 -373.0923 -377.1255 -381.1587 -385.19186 -389.0953 -392.88306 -396.67078 -400.45853 -404.24628 -408.034 -411.82425 -415.62302 -419.68277 -424.719 -429.7552 -434.7914 -439.41306 -443.92075 -448.42847 -452.93616 -457.44388 -461.95157 -466.4593 -470.96698 -475.6653 -481.03665 -486.408 -491.77933 -497.15067 10e32 10e32 10e32 10e32 10e32 10e32 10e32 10e32 10e32 10e32 10e32 10e32 10e32 10e32 10e32 10e32 10e32 10e32 10e32 10e32 10e32 10e32 10e32 10e32 10e32 10e32 10e32
-298.06784 -302.11377 -305.8688 -309.62384 -313.37885 -317.13388 -320.88892 -324.55075 -328.0076 -331.46442 -334.92126 -338.37808 -341.83493 -345.29175 -348.90152 -352.74536 -356.58923 -360.43307 -364.27432 -368.06207 -371.8498 -375.63754 -379.4253 -383.22394 -387.0227 -390.82147 -394.62024 -398.64194 -403.67816 -408.7144 -413.75058 -418.7868 -423.82303 -428.85925 -433.89545 -438.9252 -443.4329 -447.9406 -452.4483 -457.14703 -462.51837 -467.8897 -473.26105 -478.6324 -484.00372 -489.37506 -494.7464 10e32 10e32 10e32 10e32 10e32 10e32 10e32 10e32 10e32 10e32 10e32 10e32 10e32 10e32 10e32 10e32 10e32 10e32 10e32 10e32 10e32
-272.20792 -274.85068 -277.4934 -279.55478 -281.9188 -285.4206 -288.89624 -292.35306 -295.8099 -299.26672 -302.72357 -306.1804 -309.63724 -313.09406 -316.5509 -320.00772 -323.718 -327.56186 -331.4057 -335.24954 -339.0934 -342.93726 -346.7635 -350.5685 -354.41205 -358.29868 -362.1853 -366.0199 -369.81866 -373.61743 -377.6011 -382.63733 -387.67355 -392.70975 -397.74597 -402.7822 -407.81842 -412.85464 -417.89084 -422.94632 -428.12735 -433.3084 -438.5932 -443.97964 -449.34973 -454.71982 -460.08987 -465.45996 -470.83005 -476.20013 -481.5702 -486.94028 -492.31036 -497.73376 10e32 10e32 10e32 10e32 10e32 10e32 10e32 10e32 10e32 10e32 10e32 10e32 10e32 10e32
-244.47646 -247.1192 -249.66585 -251.66171 -253.6576 -255.65346 -257.64932 -259.9404 -263.4422 -266.94397 -270.44577 -273.94754 -277.43954 -280.89636 -284.3532 -287.81003 -291.26688 -294.7237 -298.5345 -302.37833 -306.22217 -310.04266 -313.84772 -317.65274 -321.45776 -325.2628 -329.0678 -332.93057 -336.8172 -340.70386 -344.59048 -348.4771 -352.7006 -357.15442 -362.45148 -367.68832 -372.86935 -378.05038 -383.23145 -388.41248 -393.5935 -398.77454 -403.95557 -409.13663 -414.474 -419.87256 -425.27112 -430.66968 -436.06824 -441.46683 -446.8497 -452.21976 -457.58984 -462.95993 -468.33002 -473.70007 -479.10898 -484.55432 -489.99966 -495.445 10e32 10e32 10e32 10e32 10e32 10e32 10e32 10e32
-216.74498 -219.38773 -221.7728 -223.76866 -225.76453 -227.7604 -229.75627 -231.75215 -233.74802 -235.74388 -237.962 -241.46379 -244.96558 -248.46736 -251.96915 -255.47093 -258.97272 -262.4745 -265.9763 -269.5071 -273.32187 -277.1269 -280.93192 -284.73694 -288.54196 -292.347 -296.15204 -299.95706 -303.7621 -307.5671 -311.44913 -315.68228 -320.1361 -324.58994 -329.04376 -333.4976 -337.95142 -342.8621 -348.18683 -353.51157 -358.8363 -364.16107 -369.42172 -374.60275 -379.78378 -384.96484 -390.35483 -395.7534 -401.15195 -406.5505 -411.94907 -417.34763 -422.7462 -428.14474 -433.5433 -438.9419 -444.34045 -449.71973 -455.0898 -460.48422 -465.92957 -471.37488 -476.82022 -482.26556 -487.7109 -493.15622 -498.60156 10e32
-187.52216 -190.48874 -192.94574 -194.89194 -196.96626 -199.18245 -201.39862 -203.61479 -205.83098 -207.85083 -209.8467 -211.84258 -213.83844 -215.9836 -219.48538 -222.98717 -226.36221 -229.5118 -232.66138 -235.81096 -238.96054 -242.11014 -245.25972 -248.49962 -252.38454 -256.26947 -260.1544 -264.0393 -267.92422 -271.80914 -275.93253 -280.9582 -285.98386 -290.9252 -295.61127 -300.29733 -304.98343 -309.6695 -314.2946 -318.7484 -323.2727 -328.59747 -333.9222 -339.24695 -344.62878 -350.01453 -355.40027 -360.78604 -366.2002 -371.61047 -377.009 -382.40753 -387.8061 -393.20462 -398.60315 -404.00168 -409.40024 -414.79877 -420.1973 -425.59586 -430.9944 -436.19037 -440.9453 -446.2228 -451.6478 -457.11053 -462.57327 -468.036
-157.42523 -160.39183 -162.94632 -164.8925 -166.8387 -168.78488 -170.73106 -172.67726 -174.62344 -176.7526 -178.96877 -181.18495 -183.40112 -185.6173 -187.83348 -190.48709 -193.48863 -196.49016 -199.4917 -202.49324 -205.49477 -208.4963 -211.49785 -214.50441 -217.65399 -220.80357 -223.95316 -227.10274 -230.74715 -234.63206 -239.1777 -244.20335 -249.22902 -254.25467 -259.2803 -264.30597 -269.33163 -274.34137 -279.02744 -283.71353 -288.3996 -293.41714 -298.80948 -304.20178 -309.5941 -314.98447 -320.3702 -325.75598 -331.14172 -336.52747 -341.9289 -347.34418 -352.75943 -358.17468 -363.58994 -369.0052 -374.41736 -379.8159 -385.21442 -390.61298 -396.0115 -401.14972 -405.90463 -410.65958 -415.41452 -420.16943 -425.04034 -430.35294
-131.31413 -132.29283 -133.15352 -134.90059 -136.84352 -138.78644 -140.73164 -142.67784 -144.62402 -146.5702 -148.5164 -150.46259 -152.40878 -154.35497 -156.53891 -158.7551 -161.7289 -164.73044 -167.73196 -170.7335 -173.73505 -176.73657 -179.66045 -182.49625 -185.33206 -188.16786 -191.00368 -193.83948 -196.6753 -199.5111 -202.34691 -206.90282 -212.4792 -217.73816 -222.74693 -227.7557 -232.7645 -237.77327 -242.78204 -247.79082 -252.79959 -257.91937 -263.45218 -269.04694 -274.52954 -279.92184 -285.31418 -290.70648 -296.09882 -301.49112 -306.88315 -312.2689 -317.65762 -323.07288 -328.48813 -333.90338 -339.31863 -344.73392 -350.14917 -355.26797 -360.2872 -365.30646 -370.40067 -375.52942 -380.37384 -385.12878 -389.8837 -394.63864
-104.91079 -105.74667 -106.58255 -107.41843 -108.2543 -109.09019 -110.80154 -112.74447 -114.68739 -116.63032 -118.57325 -120.516174 -122.45911 -124.40203 -126.512505 -128.68782 -130.86313 -133.03845 -135.21376 -137.67964 -140.3883 -143.09697 -145.80565 -148.51431 -151.30783 -154.14363 -156.97945 -159.81525 -162.65105 -165.48686 -168.32266 -171.15848 -173.99428 -178.6418 -184.21819 -189.79457 -195.37096 -200.94734 -206.52373 -211.56892 -216.5777 -221.58649 -226.59526 -231.60403 -237.01718 -242.46437 -247.91156 -253.38266 -258.97742 -264.57217 -270.16693 -275.7617 -281.35645 -286.9512 -292.4173 -297.41043 -302.4169 -307.43616 -312.4554 -317.47467 -322.49393 -327.51315 -332.5324 -337.55167 -342.61084 -347.7396 -352.86838 -357.99713
-78.33983 -79.175705 -80.01158 -80.847466 -81.68334 -82.51922 -83.355095 -84.19098 -85.026855 -86.70249 -88.74843 -90.92374 -93.09905 -95.27437 -97.449684 -99.625 -101.800316 -103.97563 -106.15094 -108.326256 -110.50157 -112.67689 -114.8522 -117.02752 -119.202835 -121.782394 -124.49106 -127.19972 -129.90839 -132.69331 -135.48427 -138.2752 -141.06616 -143.85712 -146.86438 -150.88773 -156.25214 -161.70473 -167.15732 -172.68631 -178.2627 -183.83908 -189.41547 -194.99185 -200.39091 -205.3997 -210.6678 -216.11499 -221.56218 -227.00937 -232.45656 -237.90375 -243.35094 -248.90788 -254.50264 -259.77774 -264.77087 -269.76398 -274.75708 -279.7502 -284.74332 -289.73642 -294.7391 -299.75836 -304.77762 -309.79688 -314.82098 -319.94977
-53.139256 -53.944935 -54.750614 -55.556293 -56.361973 -57.167652 -57.97333 -58.77901 -59.820847 -60.916767 -62.012684 -63.420185 -65.210365 -67.00054 -68.79072 -70.61108 -72.786545 -74.962006 -77.137474 -79.312935 -81.4884 -83.663864 -85.83933 -88.01479 -90.330025 -92.71637 -95.10271 -97.48905 -99.87539 -102.26173 -104.909744 -107.70069 -110.491646 -113.28259 -116.07354 -119.89707 -123.92042 -127.94376 -131.9671 -135.99045 -140.60133 -146.05392 -151.50652 -156.9591 -162.4117 -167.86429 -173.31508 -178.60774 -183.9004 -188.88734 -193.8536 -199.28232 -204.71104 -210.13977 -215.5685 -220.99721 -226.42593 -231.64581 -236.69365 -241.74149 -246.78932 -251.83716 -256.885 -261.93283 -266.98068 -272.0285 -277.0693 -282.0624
-30.519066 -30.273205 -30.027344 -30.355892 -31.161572 -31.96725 -33.021713 -34.11763 -35.21355 -36.309467 -37.405384 -38.501305 -39.59722 -40.910973 -42.70115 -44.491325 -46.281506 -48.071682 -49.861862 -51.65204 -53.442215 -55.232395 -57.268337 -59.570606 -61.93621 -64.30181 -66.66742 -69.03302 -71.39863 -73.76424 -76.12984 -78.495445 -80.86462 -83.25096 -85.6373 -88.90642 -92.92976 -96.95311 -100.976456 -104.9998 -109.02315 -113.04649 -117.06984 -121.093185 -125.11653 -130.34749 -135.64015 -140.93282 -146.22548 -151.51814 -156.8108 -162.10347 -167.10951 -172.06769 -177.02586 -181.98404 -186.9422 -191.90038 -197.32271 -202.75142 -208.01823 -213.06607 -218.1139 -223.16174 -228.20958 -233.19075 -238.06729 -242.94383
-9.73059 -9.547758 -9.364926 -9.182095 -8.997112 -9.044099 -9.808351 -10.572603 -11.336856 -12.101108 -12.86536 -13.894005 -14.989923 -16.08584 -17.181759 -18.401756 -20.191935 -21.982111 -23.908417 -25.951368 -27.99432 -30.037271 -32.080223 -34.123177 -36.16613 -38.20908 -40.252033 -42.294987 -44.4799 -46.845505 -49.21111 -51.576714 -53.942318 -56.307922 -58.673527 -61.03913 -64.01367 -67.401955 -70.79023 -74.178505 -77.68077 -81.706276 -85.73178 -89.757286 -93.78278 -97.80829 -101.86558 -106.332756 -110.799934 -115.267105 -119.73428 -124.42855 -129.72122 -135.01389 -140.30655 -145.33168 -150.28986 -155.24803 -160.2062 -165.16438 -170.12256 -174.95683 -179.71724 -184.47763 -189.15282 -193.81354 -198.51514 -203.39168
9.663579 9.846411 10.0292425 10.21513 10.402463 10.592351 10.783065 10.018812 9.2545595 8.490308 7.726055 6.961803 6.1987667 5.4338064 4.6690083 4.3758388 4.2437396 3.8576255 2.9969027 0.6915757 -1.6134461 -3.918538 -6.22363 -8.528722 -10.833814 -13.020968 -15.06392 -17.106873 -19.149824 -21.192776 -23.23573 -25.27868 -27.321632 -29.389196 -31.7548 -34.120403 -36.48601 -39.53755 -42.925827 -46.314102 -49.70238 -53.090656 -56.478935 -59.86721 -63.25549 -66.64377 -70.46679 -74.492294 -78.75331 -83.22049 -87.68767 -92.15485 -96.622025 -101.0892 -105.55638 -110.02356 -114.483154 -118.7845 -123.30659 -128.06699 -132.8274 -137.5878 -142.34819 -147.1086 -151.869 -156.62941 -161.3898 -166.1502
10e32 10e32 10e32 10e32 10e32 10e32 10e32 10e32 10e32 10e32 10e32 10e32 10e32 10e32 10e32 10e32 10e32 10e32 10e32 10e32 10e32 10e32 10e32 20.92733 18.621973 16.31624 14.011336 11.706244 9.401153 7.0960603 4.7909684 2.4858766 0.18078472 -2.1243072 -4.429399 -6.734491 -8.999887 -11.254379 -14.137247 -17.385403 -20.695745 -24.006088 -27.316433 -30.626776 -33.93712 -37.247463 -40.557808 -43.868153 -47.178493 -50.48884 -54.54977 -58.651646 -62.89409 -67.195435 -71.49678 -75.79813 -80.09947 -84.40082 -88.70216 -93.117935 -97.64224 -102.16655 -106.68502 -111.19386 -115.702705 -120.211555 -124.7204 -129.22925
10e32 10e32 10e32 10e32 10e32 10e32 10e32 10e32 10e32 10e32 10e32 10e32 10e32 10e32 10e32 10e32 10e32 10e32 10e32 10e32 10e32 10e32 10e32 10e32 10e32 10e32 10e32 10e32 10e32 10e32 10e32 10e32 10e32 10e32 10e32 23.106186 20.8517 18.597212 16.340862 13.8314905 10.595656 7.359823 4.1239896 0.88815576 -2.347678 -5.5835114 -8.819345 -12.088799 -15.399143 -18.709486 -22.01983 -25.574276 -29.676151 -33.778027 -37.8799 -41.981773 -46.08365 -50.185524 -54.318478 -58.619823 -62.955658 -67.479965 -72.00427 -76.52859 -81.052895 -85.5772 -90.09988 -94.60873
10e32 10e32 10e32 10e32 10e32 10e32 10e32 10e32 10e32 10e32 10e32 10e32 10e32 10e32 10e32 10e32 10e32 10e32 10e32 10e32 10e32 10e32 10e32 10e32 10e32 10e32 10e32 10e32 10e32 10e32 10e32 10e32 10e32 10e32 10e32 10e32 10e32 10e32 10e32 10e32 10e32 10e32 10e32 10e32 10e32 25.62094 22.385107 19.273428 16.196037 13.118648 10.041248 6.8663774 3.0318596 -1.7132856 -5.6752944 -9.824532 -14.000795 -18.17706 -22.353321 -26.529585 -30.705847 -34.88211 -39.058372 -43.23222 -47.400272 -51.56833 -55.736385 -59.93923
10e32 10e32 10e32 10e32 10e32 10e32 10e32 10e32 10e32 10e32 10e32 10e32 10e32 10e32 10e32 10e32 10e32 10e32 10e32 10e32 10e32 10e32 10e32 10e32 10e32 10e32 10e32 10e32 10e32 10e32 10e32 10e32 10e32 10e32 10e32 10e32 10e32 10e32 10e32 10e32 10e32 10e32 10e32 10e32 10e32 10e32 10e32 10e32 10e32 10e32 10e32 10e32 10e32 10e32 27.000557 21.832138 16.664848 11.807871 7.8455706 3.8838682 -0.07811012 -4.0400887 -8.128485 -12.304748 -16.48101 -20.657274 -24.833538 -29.005758
10e32 10e32 10e32 10e32 10e32 10e32 10e32 10e32 10e32 10e32 10e32 10e32 10e32 10e32 10e32 10e32 10e32 10e32 10e32 10e32 10e32 10e32 10e32 10e32 10e32 10e32 10e32 10e32 10e32 10e32 10e32 10e32 10e32 10e32 10e32 10e32 10e32 10e32 10e32 10e32 10e32 10e32 10e32 10e32 10e32 10e32 10e32 10e32 10e32 10e32 10e32 10e32 10e32 10e32 10e32 10e32 10e32 10e32 10e32 10e32 10e32 25.329044 21.364052 17.405008 13.44303 9.481052 5.519074 1.5570958
10e32 10e32 10e32 10e32 10e32 10e32 10e32 10e32 10e32 10e32 10e32 10e32 10e32 10e32 10e32 10e32 10e32 10e32 10e32 10e32 10e32 10e32 10e32 10e32 10e32 10e32 10e32 10e32 10e32 10e32 10e32 10e32 10e32 10e32 10e32 10e32 10e32 10e32 10e32 10e32 10e32 10e32 10e32 10e32 10e32 10e32 10e32 10e32 10e32 10e32 10e32 10e32 10e32 10e32 10e32 10e32 10e32 10e32 10e32 10e32 10e32 10e32 10e32 10e32 10e32 10e32 10e32 10e32
10e32 10e32 10e32 10e32 10e32 10e32 10e32 10e32 10e32 10e32 10e32 10e32 10e32 10e32 10e32 10e32 10e32 10e32 10e32 10e32 10e32 10e32 10e32 10e32 10e32 10e32 10e32 10e32 10e32 10e32 10e32 10e32 10e32 10e32 10e32 10e32 10e32 10e32 10e32 10e32 10e32 10e32 10e32 10e32 10e32 10e32 10e32 10e32 10e32 10e32 10e32 10e32 10e32 10e32 10e32 10e32 10e32 10e32 10e32 10e32 10e32 10e32 10e32 10e32 10e32 10e32 10e32 10e32
10e32 10e32 10e32 10e32 10e32 10e32 10e32 10e32 10e32 10e32 10e32 10e32 10e32 10e32 10e32 10e32 10e32 10e32 10e32 10e32 10e32 10e32 10e32 10e32 10e32 10e32 10e32 10e32 10e32 10e32 10e32 10e32 10e32 10e32 10e32 10e32 10e32 10e32 10e32 10e32 10e32 10e32 10e32 10e32 10e32 10e32 10e32 10e32 10e32 10e32 10e32 10e32 10e32 10e32 10e32 10e32 10e32 10e32 10e32 10e32 10e32 10e32 10e32 10e32 10e32 10e32 10e32 10e32
10e32 10e32 10e32 10e32 10e32 10e32 10e32 10e32 10e32 10e32 10e32 10e32 10e32 10e32 10e32 10e32 10e32 10e32 10e32 10e32 10e32 10e32 10e32 10e32 10e32 10e32 10e32 10e32 10e32 10e32 10e32 10e32 10e32 10e32 10e32 10e32 10e32 10e32 10e32 10e32 10e32 10e32 10e32 10e32 10e32 10e32 10e32 10e32 10e32 10e32 10e32 10e32 10e32 10e32 10e32 10e32 10e32 10e32 10e32 10e32 10e32 10e32 10e32 10e32 10e32 10e32 10e32 10e32
10e32 10e32 10e32 10e32 10e32 10e32 10e32 10e32 10e32 10e32 10e32 10e32 10e32 10e32 10e32 10e32 10e32 10e32 10e32 10e32 10e32 10e32 10e32 10e32 10e32 10e32 10e32 10e32 10e32 10e32 10e32 10e32 10e32 10e32 10e32 10e32 10e32 10e32 10e32 10e32 10e32 10e32 10e32 10e32 10e32 10e32 10e32 10e32 10e32 10e32 10e32 10e32 10e32 10e32 10e32 10e32 10e32 10e32 10e32 10e32 10e32 10e32 10e32 10e32 10e32 10e32 10e32 10e32
10e32 10e32 10e32 10e32 10e32 10e32 10e32 10e32 10e32 10e32 10e32 10e32 10e32 10e32 10e32 10e32 10e32 10e32 10e32 10e32 10e32 10e32 10e32 10e32 10e32 10e32 10e32 10e32 10e32 10e32 10e32 10e32 10e32 10e32 10e32 10e32 10e32 10e32 10e32 10e32 10e32 10e32 10e32 10e32 10e32 10e32 10e32 10e32 10e32 10e32 10e32 10e32 10e32 10e32 10e32 10e32 10e32 10e32 10e32 10e32 10e32 10e32 10e32 10e32 10e32 10e32 10e32 10e32
10e32 10e32 10e32 10e32 10e32 10e32 10e32 10e32 10e32 10e32 10e32 10e32 10e32 10e32 10e32 10e32 10e32 10e32 10e32 10e32 10e32 10e32 10e32 10e32 10e32 10e32 10e32 10e32 10e32 10e32 10e32 10e32 10e32 10e32 10e32 10e32 10e32 10e32 10e32 10e32 10e32 10e32 10e32 10e32 10e32 10e32 10e32 10e32 10e32 10e32 10e32 10e32 10e32 10e32 10e32 10e32 10e32 10e32 10e32 10e32 10e32 10e32 10e32 10e32 10e32 10e32 10e32 10e32
10e32 10e32 10e32 10e32 10e32 10e32 10e32 10e32 10e32 10e32 10e32 10e32 10e32 10e32 10e32 10e32 10e32 10e32 10e32 10e32 10e32 10e32 10e32 10e32 10e32 10e32 10e32 10e32 10e32 10e32 10e32 10e32 10e32 10e32 10e32 10e32 10e32 10e32 10e32 10e32 10e32 10e32 10e32 10e32 10e32 10e32 10e32 10e32 10e32 10e32 10e32 10e32 10e32 10e32 10e32 10e32 10e32 10e32 10e32 10e32 10e32 10e32 10e32 10e32 10e32 10e32 10e32 10e32
10e32 10e32 10e32 10e32 10e32 10e32 10e32 10e32 10e32 10e32 10e32 10e32 10e32 10e32 10e32 10e32 10e32 10e32 10e32 10e32 10e32 10e32 10e32 10e32 10e32 10e32 10e32 10e32 10e32 10e32 10e32 10e32 10e32 10e32 10e32 10e32 10e32 10e32 10e32 10e32 10e32 10e32 10e32 10e32 10e32 10e32 10e32 10e32 10e32 10e32 10e32 10e32 10e32 10e32 10e32 10e32 10e32 10e32 10e32 10e32 10e32 10e32 10e32 10e32 10e32 10e32 10e32 10e32
