test/UKGEOS_Glasgow/EXPORTS/ASCII(5mCell)/Faults/Fault_Shettleston_50m_GGERFS_Predrill(5m).asc
ncols 1001
nrows 285
xllcenter 260000.0
yllcenter 663576.56
cellsize 5.0
nodata_value 10e32
[rows 160 to 191 of 285, columns 432 to 503 of 1001]
-93.32766 -96.44671 -99.56576 -102.684814 -105.80386 -108.92291 -112.04196 -115.16101 -118.28006 -121.38395 -124.42031 -127.42153 -130.42276 -133.43909 -136.45563 -139.47217 -142.48871 -145.50525 -148.52177 -151.53831 -154.55486 -157.58733 -160.63356 -163.6798 -166.72603 -169.77226 -172.8185 -175.85979 -178.88467 -181.90956 -184.93445 -187.95934 -190.98422 -194.00911 -197.04446 -200.10013 -203.15578 -206.21779 -209.4521 -212.68643 -215.92075 -219.15508 -222.38939 -225.6237 -228.85803 -232.09235 -235.32668 -238.56099 -241.78177 -245.13486 -248.51234 -251.88983 -255.26733 -258.6448 -262.0223 -265.3998 -268.77728 -272.1548 -275.50928 -278.77783 -282.0533 -285.3842 -288.71503 -292.0471 -295.3962 -298.74536 -302.09448 -305.44363 -308.79276 -312.1419 -315.4084 -318.65195
-84.37878 -87.497826 -90.61688 -93.73593 -96.85498 -99.97403 -103.09308 -106.21213 -109.33118 -112.43085 -115.52184 -118.550095 -121.55132 -124.55254 -127.553764 -130.555 -133.55765 -136.57419 -139.59073 -142.60727 -145.62381 -148.64035 -151.67932 -154.72556 -157.77179 -160.81802 -163.84776 -166.87265 -169.89754 -172.92242 -175.94731 -178.9722 -181.99709 -185.02197 -188.04686 -191.08347 -194.13913 -197.1948 -200.25044 -203.3061 -206.5185 -209.7528 -212.98712 -216.22145 -219.45576 -222.6901 -225.92441 -229.15872 -232.3404 -235.49521 -238.76482 -242.1423 -245.51979 -248.8973 -252.27478 -255.65227 -259.02975 -262.40726 -265.706 -268.97455 -272.2431 -275.51492 -278.8458 -282.17664 -285.5075 -288.83835 -292.16922 -295.51337 -298.8625 -302.21164 -305.56076 -308.8315
-75.50205 -78.56258 -81.668 -84.78705 -87.9061 -91.02515 -94.144196 -97.263245 -100.3823 -103.47774 -106.56873 -109.65973 -112.679886 -115.68111 -118.682335 -121.683556 -124.68478 -127.686005 -130.68723 -133.68845 -136.69275 -139.70929 -142.72583 -145.77132 -148.81085 -151.83574 -154.86063 -157.88551 -160.9104 -163.93529 -166.96017 -169.98506 -173.00995 -176.03484 -179.05972 -182.08461 -185.12248 -188.17813 -191.2338 -194.28946 -197.34511 -200.40077 -203.58487 -206.81918 -210.05351 -213.28783 -216.52214 -219.74419 -222.899 -226.05383 -229.20865 -232.39478 -235.77226 -239.14977 -242.52725 -245.90474 -249.28223 -252.63419 -255.90274 -259.1713 -262.43985 -265.7084 -268.97696 -272.30737 -275.63824 -278.96912 -282.29996 -285.63083 -288.96167 -292.29254 -295.6305 -298.97964
-66.64739 -69.70792 -72.76844 -75.838165 -78.957214 -82.07626 -85.19531 -88.31437 -91.43342 -94.524635 -97.61563 -100.70663 -103.79762 -106.80967 -109.8109 -112.81212 -115.81335 -118.81457 -121.81579 -124.81702 -127.81824 -130.81946 -133.82068 -136.81776 -139.85097 -142.8721 -145.89323 -148.91438 -151.93552 -154.95665 -157.97778 -160.99892 -164.02281 -167.0477 -170.07259 -173.09746 -176.12234 -179.16148 -182.21715 -185.2728 -188.32846 -191.38411 -194.43977 -197.49544 -200.65125 -203.88557 -207.11989 -210.3028 -213.45763 -216.61244 -219.76726 -222.92209 -226.0769 -229.40222 -232.77972 -236.15721 -239.5347 -242.83092 -246.09947 -249.36803 -252.63658 -255.90515 -259.1737 -262.44226 -265.76898 -269.09985 -272.4307 -275.76157 -279.09244 -282.42328 -285.75415 -289.085
-57.792732 -60.853252 -63.913776 -66.974304 -70.03482 -73.12738 -76.24644 -79.365486 -82.48053 -85.571526 -88.66252 -91.753525 -94.84452 -97.93552 -100.93946 -103.94068 -106.94191 -109.94313 -112.94436 -115.94558 -118.9468 -121.94803 -124.93843 -127.90354 -130.91081 -133.9626 -137.02054 -140.04167 -143.0628 -146.08394 -149.10507 -152.1262 -155.14734 -158.16847 -161.18962 -164.21075 -167.23189 -170.25302 -173.2856 -176.3288 -179.372 -182.41519 -185.45839 -188.50159 -191.54478 -194.5901 -197.70659 -200.86142 -204.01624 -207.17105 -210.32588 -213.4807 -216.63551 -219.79034 -223.0322 -226.40968 -229.75911 -233.02766 -236.29622 -239.56477 -242.83333 -246.10188 -249.37044 -252.63899 -255.90755 -259.2306 -262.56146 -265.8923 -269.22318 -272.55405 -275.8849 -279.19775
-48.932552 -51.99577 -55.058987 -58.11964 -61.180164 -64.240685 -67.30121 -70.4166 -73.52743 -76.61842 -79.70942 -82.800415 -85.89141 -88.982414 -92.06802 -95.06925 -98.07047 -101.07169 -104.07292 -107.07414 -110.07537 -113.07659 -116.04216 -119.00728 -121.97239 -125.003845 -128.05304 -131.10796 -134.16638 -137.21123 -140.23238 -143.25351 -146.27464 -149.29578 -152.31691 -155.33804 -158.35918 -161.38031 -164.40672 -167.43942 -170.47855 -173.52173 -176.56493 -179.60812 -182.65132 -185.69452 -188.72989 -191.778 -194.88152 -197.98505 -201.08856 -204.1921 -207.29561 -210.39914 -213.50377 -216.66216 -219.95584 -223.2244 -226.49295 -229.7615 -233.03006 -236.29861 -239.56717 -242.83574 -246.1043 -249.37285 -252.6922 -256.02307 -259.3539 -262.67776 -265.98694 -269.29608
-40.061966 -43.125187 -46.188404 -49.25162 -52.314842 -55.37806 -58.441277 -61.504498 -64.57432 -67.66531 -70.75632 -73.84731 -76.93831 -80.029305 -83.1203 -86.197815 -89.199036 -92.200264 -95.201485 -98.202705 -101.20393 -104.180786 -107.1459 -110.11101 -113.07612 -116.04768 -119.096886 -122.14608 -125.195274 -128.25331 -131.31175 -134.37018 -137.40193 -140.42307 -143.4442 -146.46533 -149.48647 -152.50761 -155.52875 -158.56142 -161.59412 -164.62828 -167.67148 -170.71468 -173.75787 -176.80106 -179.83202 -182.85475 -185.90527 -189.00879 -192.11232 -195.21584 -198.31935 -201.42288 -204.5264 -207.53763 -210.498 -213.61063 -216.84871 -220.08679 -223.32489 -226.56297 -229.80106 -233.03914 -236.30103 -239.56958 -242.83813 -246.15381 -249.46696 -252.77611 -256.08527 -259.3944
-31.191383 -34.2546 -37.31782 -40.38104 -43.444256 -46.52862 -49.637547 -52.746468 -55.83361 -58.78589 -61.834545 -64.8942 -67.98521 -71.0762 -74.1672 -77.258194 -80.3276 -83.32883 -86.33005 -89.331276 -92.319405 -95.284515 -98.249626 -101.21474 -104.179855 -107.144966 -110.140724 -113.18992 -116.23912 -119.288315 -122.34025 -125.398674 -128.4571 -131.51553 -134.5715 -137.59264 -140.61377 -143.6349 -146.65604 -149.68341 -152.71611 -155.74881 -158.78151 -161.82121 -164.86441 -167.90761 -170.93413 -173.95686 -176.9796 -180.03253 -183.13606 -186.23958 -189.34311 -192.44662 -195.46785 -198.4282 -201.38858 -204.34895 -207.32782 -210.5659 -213.80399 -217.04207 -220.28017 -223.51825 -226.75633 -229.99442 -233.2325 -236.3726 -239.56529 -242.87445 -246.1836 -249.49275
-22.320799 -25.384018 -28.461128 -31.57005 -34.678974 -37.787895 -40.896816 -44.005737 -47.114662 -50.072914 -53.007507 -56.056164 -59.104816 -62.153473 -65.21409 -68.30509 -71.39609 -74.45739 -77.45861 -80.45802 -83.423134 -86.388245 -89.35336 -92.318474 -95.283585 -98.248695 -101.213806 -104.233765 -107.28296 -110.33215 -113.381355 -116.43055 -119.4856 -122.54403 -125.60246 -128.66089 -131.71931 -134.76219 -137.78333 -140.8054 -143.8381 -146.8708 -149.9035 -152.93619 -155.97095 -159.01352 -162.03625 -165.05899 -168.08173 -171.10446 -174.1598 -177.26334 -180.36685 -183.39807 -186.35843 -189.3188 -192.27917 -195.23953 -198.1999 -201.16026 -204.2831 -207.52118 -210.75926 -213.99734 -217.23544 -220.47353 -223.66887 -226.77371 -229.87857 -232.98343 -236.28194 -239.59108
-13.502555 -16.611477 -19.7204 -22.82932 -25.938244 -29.047167 -32.15609 -35.26501 -38.37393 -41.3862 -44.312218 -47.238235 -50.277782 -53.326435 -56.37509 -59.423744 -62.4724 -65.53398 -68.58718 -71.56175 -74.52687 -77.49198 -80.45709 -83.4222 -86.387314 -89.35243 -92.31754 -95.28265 -98.326805 -101.376 -104.42519 -107.47439 -110.52358 -113.572784 -116.63096 -119.68939 -122.74782 -125.806244 -128.86467 -131.9231 -134.9601 -137.99065 -141.01999 -144.04933 -147.07866 -150.10751 -153.13405 -156.16058 -159.18384 -162.20657 -165.22931 -168.28708 -171.3283 -174.28865 -177.24902 -180.20938 -183.16975 -186.13013 -189.09048 -192.05086 -195.01122 -198.00029 -201.23837 -204.47646 -207.71454 -210.95264 -214.06998 -217.17482 -220.27968 -223.38454 -226.4894 -229.68942
-4.7618265 -7.870749 -10.9796715 -14.0885935 -17.197515 -20.306438 -23.41536 -26.524282 -29.633205 -32.699486 -35.625504 -38.55152 -41.47754 -44.4994 -47.548054 -50.59671 -53.645363 -56.709827 -59.85394 -62.7521 -65.70125 -68.65039 -71.59953 -74.54868 -77.497826 -80.45616 -83.42127 -86.38638 -89.37064 -92.41984 -95.46903 -98.518234 -101.56743 -104.61662 -107.66582 -110.71789 -113.77632 -116.83475 -119.89317 -122.9524 -126.01211 -129.06427 -132.09361 -135.12296 -138.1522 -141.1812 -144.20773 -147.23425 -150.26079 -153.28732 -156.31384 -159.17227 -162.16435 -165.1422 -168.12003 -171.09785 -174.06033 -177.0207 -179.98108 -182.94144 -185.90181 -188.86217 -191.82254 -194.95557 -198.19365 -201.36623 -204.47108 -207.57594 -210.68079 -213.78564 -216.8905 -219.99536
3.8178985 0.78801155 -2.2418182 -5.347865 -8.456787 -11.565709 -14.674632 -17.783554 -20.892477 -24.001398 -26.93879 -29.864807 -32.790825 -35.716843 -38.721016 -41.783638 -44.927746 -48.071857 -51.21597 -54.235115 -57.05565 -59.934246 -62.88339 -65.832535 -68.78168 -71.73082 -74.67997 -77.62911 -80.57398 -83.50288 -86.50352 -89.55507 -92.60662 -95.65817 -98.70966 -101.75886 -104.80805 -107.86325 -110.9226 -113.982315 -117.04202 -120.10174 -123.16145 -126.19648 -129.22566 -132.25485 -135.28142 -138.30794 -141.33447 -144.27351 -147.0637 -149.8572 -152.86183 -155.86647 -158.86174 -161.83957 -164.8174 -167.79523 -170.77307 -173.7509 -176.72873 -179.70656 -182.68439 -185.66222 -188.66249 -191.76733 -194.8722 -197.97705 -201.08191 -204.18675 -207.29161 -210.39647
10e32 10e32 6.261056 3.2311747 0.20134483 -2.828485 -5.933903 -9.042826 -12.151748 -15.26067 -18.252075 -21.178093 -24.10411 -27.046593 -30.135027 -33.15397 -36.289776 -39.433887 -42.577995 -45.722107 -48.550575 -51.37111 -54.191643 -57.116386 -60.06553 -63.014675 -65.96382 -68.912964 -71.85164 -74.78054 -77.709435 -80.63833 -83.62985 -86.681404 -89.73296 -92.784515 -95.83607 -98.88932 -101.95007 -105.01083 -108.07159 -111.13135 -114.19104 -117.25073 -120.299126 -123.328316 -126.355095 -129.37476 -132.16495 -134.95514 -137.74533 -140.55211 -143.55675 -146.56139 -149.56601 -152.57065 -155.55913 -158.53696 -161.51479 -164.49261 -167.47044 -170.44827 -173.42612 -176.40395 -179.39754 -182.45848 -185.51942 -188.58035 -191.6413 -194.70224 -197.76318 -200.82413
10e32 10e32 10e32 10e32 10e32 5.674343 2.644508 -0.3853219 -3.4151518 -6.519942 -9.56536 -12.49676 -15.585194 -18.673628 -21.762062 -24.812157 -27.82199 -30.83182 -33.940025 -37.084137 -40.0455 -42.866035 -45.68657 -48.507103 -51.349384 -54.298527 -57.247673 -60.196815 -63.1293 -66.0582 -68.98709 -71.915985 -74.84489 -77.77378 -80.756195 -83.80775 -86.8593 -89.91385 -92.9746 -96.035355 -99.096115 -102.15687 -105.21762 -108.27838 -111.339134 -114.39969 -117.2662 -120.05639 -122.84658 -125.63677 -128.42696 -131.24702 -134.25166 -137.2563 -140.26094 -143.26556 -146.2702 -149.27484 -152.2565 -155.23434 -158.21217 -161.19 -164.16783 -167.14566 -170.14737 -173.20831 -176.26926 -179.3302 -182.39114 -185.45209 -188.51303 -191.57397
10e32 10e32 10e32 10e32 10e32 10e32 10e32 10e32 5.0877204 2.0363894 -1.0496626 -4.0998287 -7.1928663 -10.285904 -13.378942 -16.47006 -19.481157 -22.49001 -25.499842 -28.509672 -31.540428 -34.360962 -37.181496 -40.00203 -42.82256 -45.643093 -48.531525 -51.478065 -54.40696 -57.335854 -60.26475 -63.193645 -66.12254 -69.05144 -71.98033 -74.909225 -77.88253 -80.93837 -83.99913 -87.05988 -90.042336 -93.012695 -95.98306 -98.95342 -101.92378 -104.89415 -107.86451 -110.738014 -113.528206 -116.3184 -119.10859 -121.94195 -124.94658 -127.95122 -130.95586 -133.96048 -136.96512 -139.96976 -142.9744 -145.97606 -148.95389 -151.93172 -154.90955 -157.88739 -160.8972 -163.95815 -167.01909 -170.08003 -173.14098 -176.20192 -179.26286 -182.3238
10e32 10e32 10e32 10e32 10e32 10e32 10e32 10e32 10e32 10e32 10e32 4.221385 1.1926315 -1.8413084 -4.934346 -8.027384 -11.105857 -14.177811 -17.2017 -20.20474 -23.204832 -26.06318 -28.873539 -31.670473 -34.467407 -37.26434 -40.061275 -42.871487 -45.81303 -48.754574 -51.696114 -54.637657 -57.5792 -60.520744 -63.462284 -66.40383 -69.325424 -71.953514 -74.77846 -77.60739 -80.473526 -83.44389 -86.41425 -89.38461 -92.35498 -95.32534 -98.29571 -101.26607 -104.20984 -107.00003 -109.79022 -112.63686 -115.6415 -118.64613 -121.65077 -124.6554 -127.66004 -130.66467 -133.66931 -136.67393 -139.67857 -142.67345 -145.65128 -148.6291 -151.64705 -154.708 -157.76894 -160.82988 -163.89082 -166.92595 -169.95625 -172.98656
10e32 10e32 10e32 10e32 10e32 10e32 10e32 10e32 10e32 10e32 10e32 10e32 10e32 6.4678955 3.4388962 0.4104942 -2.669702 -5.7507997 -8.841039 -11.898034 -14.898126 -17.830498 -20.643085 -23.455673 -26.268261 -29.06972 -31.866653 -34.66359 -37.48649 -40.428032 -43.369576 -46.311115 -49.25266 -52.194202 -55.128666 -58.0315 -60.86001 -63.41035 -65.984055 -68.81298 -71.64191 -74.47083 -77.29976 -80.12869 -82.95762 -85.786545 -88.7269 -91.69726 -94.667625 -97.637985 -100.471855 -103.33178 -106.33642 -109.34105 -112.34569 -115.35032 -118.35496 -121.35959 -124.36423 -127.36886 -130.37349 -133.37813 -136.38277 -139.37082 -142.39688 -145.45782 -148.49092 -151.52122 -154.55153 -157.58183 -160.61214 -163.64244
10e32 10e32 10e32 10e32 10e32 10e32 10e32 10e32 10e32 10e32 10e32 10e32 10e32 10e32 10e32 10e32 5.680913 2.6365788 -0.44026265 -3.530502 -6.5914173 -9.591509 -12.410402 -15.22299 -18.035578 -20.848166 -23.660755 -26.468967 -29.265902 -32.10149 -35.043034 -37.984573 -40.926117 -43.834743 -46.73758 -49.64042 -52.31685 -54.86719 -57.417534 -60.018574 -62.8475 -65.67643 -68.505356 -71.33428 -74.16321 -76.992134 -79.82107 -82.649994 -85.47892 -88.307846 -91.13677 -94.01783 -97.01128 -100.004715 -102.99815 -105.9916 -108.98504 -111.97848 -114.971924 -117.96536 -120.9588 -123.95224 -126.94569 -130.00876 -133.1271 -136.1165 -139.1468 -142.17711 -145.20741 -148.23772 -151.26802 -154.29832
10e32 10e32 10e32 10e32 10e32 10e32 10e32 10e32 10e32 10e32 10e32 10e32 10e32 10e32 10e32 10e32 10e32 10e32 10e32 4.848731 1.7800348 -1.2848014 -4.177719 -6.9903073 -9.802896 -12.615483 -15.428071 -18.24066 -21.053247 -23.865835 -26.716492 -29.637981 -32.54082 -35.443657 -38.346497 -41.223347 -43.77369 -46.32403 -48.874374 -51.424717 -54.053093 -56.88202 -59.710945 -62.539875 -65.368805 -68.19773 -71.02666 -73.85558 -76.68451 -79.513435 -82.32301 -84.85193 -87.38084 -90.36263 -93.35607 -96.34951 -99.34296 -102.336395 -105.329834 -108.32327 -111.31672 -114.32316 -117.50193 -120.6807 -123.859474 -126.94815 -129.8875 -132.833 -135.8633 -138.8936 -141.9239 -144.95421
10e32 10e32 10e32 10e32 10e32 10e32 10e32 10e32 10e32 10e32 10e32 10e32 10e32 10e32 10e32 10e32 10e32 10e32 10e32 10e32 10e32 10e32 4.0549636 1.2433286 -1.5626801 -4.3686886 -7.1746974 -9.980706 -12.786715 -15.592724 -18.398731 -21.246897 -24.149734 -27.052572 -29.955412 -32.680187 -35.23053 -37.780872 -40.331215 -42.881554 -45.431896 -48.087612 -50.91654 -53.74547 -56.574394 -59.40332 -62.23225 -65.06118 -67.89011 -70.71903 -73.32785 -75.856766 -78.38567 -80.91459 -83.71399 -86.70743 -89.70087 -92.694305 -95.68775 -98.68119 -101.81632 -104.995094 -108.17387 -111.35264 -114.53141 -117.71018 -120.769196 -123.70854 -126.64788 -129.58722 -132.57979 -135.61009
10e32 10e32 10e32 10e32 10e32 10e32 10e32 10e32 10e32 10e32 10e32 10e32 10e32 10e32 10e32 10e32 10e32 10e32 10e32 10e32 10e32 10e32 10e32 10e32 10e32 3.900482 1.1269914 -1.6790173 -4.485026 -7.2910347 -10.097043 -12.903052 -15.758651 -18.66149 -21.564327 -24.137026 -26.687368 -29.23771 -31.788052 -34.338394 -36.888737 -39.43908 -42.12213 -44.951057 -47.779987 -50.608913 -53.43784 -56.26677 -59.095695 -61.803776 -64.33269 -66.8616 -69.39051 -71.919426 -74.44833 -77.065346 -80.058784 -83.05222 -86.13072 -89.309494 -92.488266 -95.66704 -98.84581 -102.02458 -105.203354 -108.382126 -111.5609 -114.59025 -117.52959 -120.468925 -123.40827 -126.34761
10e32 10e32 10e32 10e32 10e32 10e32 10e32 10e32 10e32 10e32 10e32 10e32 10e32 10e32 10e32 10e32 10e32 10e32 10e32 10e32 10e32 10e32 10e32 10e32 10e32 10e32 10e32 10e32 3.7195952 0.97472185 -1.7953545 -4.601363 -7.407372 -10.270405 -13.043523 -15.593865 -18.144207 -20.69455 -23.244892 -25.795235 -28.345577 -30.89592 -33.446262 -36.15665 -38.98558 -41.814507 -44.643433 -47.472363 -50.2797 -52.808613 -55.337524 -57.866436 -60.395348 -62.92426 -65.45317 -67.98208 -70.56959 -73.62389 -76.802666 -79.98144 -83.16021 -86.33898 -89.51775 -92.696526 -95.8753 -99.05407 -102.23284 -105.41161 -108.41129 -111.35063 -114.28998 -117.22932
10e32 10e32 10e32 10e32 10e32 10e32 10e32 10e32 10e32 10e32 10e32 10e32 10e32 10e32 10e32 10e32 10e32 10e32 10e32 10e32 10e32 10e32 10e32 10e32 10e32 10e32 10e32 10e32 10e32 10e32 6.2835135 3.5386426 0.7937897 -1.9510516 -4.500362 -7.0507045 -9.601047 -12.151389 -14.701732 -17.252073 -19.802416 -22.352758 -24.903101 -27.453444 -30.191172 -33.0201 -35.849026 -38.67795 -41.28454 -43.81345 -46.34236 -48.871273 -51.400185 -53.965683 -56.69566 -59.425636 -62.155617 -64.88559 -67.80347 -70.72968 -73.832146 -77.01092 -80.18969 -83.36846 -86.54723 -89.726006 -92.90478 -96.08355 -99.26232 -102.23234 -105.171684 -108.11102
10e32 10e32 10e32 10e32 10e32 10e32 10e32 10e32 10e32 10e32 10e32 10e32 10e32 10e32 10e32 10e32 10e32 10e32 10e32 10e32 10e32 10e32 10e32 10e32 10e32 10e32 10e32 10e32 10e32 10e32 10e32 10e32 10e32 6.343855 3.9016154 1.3877977 -1.1322602 -3.6523182 -6.172376 -8.708913 -11.259255 -13.809598 -16.35994 -18.910282 -21.460625 -24.22569 -27.054619 -29.760464 -32.289375 -34.818287 -37.36178 -40.091755 -42.82173 -45.551712 -48.28169 -51.011665 -53.741646 -56.471622 -59.21352 -62.139736 -65.065956 -67.99217 -70.91838 -74.040405 -77.21918 -80.39795 -83.57672 -86.75549 -89.934265 -93.11304 -96.05339 -98.99273
10e32 10e32 10e32 10e32 10e32 10e32 10e32 10e32 10e32 10e32 10e32 10e32 10e32 10e32 10e32 10e32 10e32 10e32 10e32 10e32 10e32 10e32 10e32 10e32 10e32 10e32 10e32 10e32 10e32 10e32 10e32 10e32 10e32 10e32 10e32 10e32 10e32 4.747194 2.2271206 -0.2929511 -2.813009 -5.333067 -7.853125 -10.373183 -12.917464 -15.467807 -18.23639 -20.7653 -23.487852 -26.217829 -28.947807 -31.677784 -34.40776 -37.13774 -39.867718 -42.597694 -45.327675 -48.05765 -50.78763 -53.54979 -56.476006 -59.40222 -62.328438 -65.254654 -68.18087 -71.107086 -74.248665 -77.42744 -80.60621 -83.78498 -86.9351 -89.874435
10e32 10e32 10e32 10e32 10e32 10e32 10e32 10e32 10e32 10e32 10e32 10e32 10e32 10e32 10e32 10e32 10e32 10e32 10e32 10e32 10e32 10e32 10e32 10e32 10e32 10e32 10e32 10e32 10e32 10e32 10e32 10e32 10e32 10e32 10e32 10e32 10e32 10e32 10e32 10e32 5.586795 3.066683 0.5465712 -1.9735407 -4.4937005 -7.0137095 -9.49361 -12.118719 -14.914184 -17.709648 -20.505112 -23.263813 -25.993792 -28.72377 -31.453747 -34.183723 -36.913704 -39.64368 -42.373657 -45.103638 -47.88606 -50.812275 -53.73849 -56.664703 -59.59092 -62.517136 -65.44335 -68.36957 -71.295784 -74.45692 -77.63569 -80.75614
10e32 10e32 10e32 10e32 10e32 10e32 10e32 10e32 10e32 10e32 10e32 10e32 10e32 10e32 10e32 10e32 10e32 10e32 10e32 10e32 10e32 10e32 10e32 10e32 10e32 10e32 10e32 10e32 10e32 10e32 10e32 10e32 10e32 10e32 10e32 10e32 10e32 10e32 10e32 10e32 10e32 10e32 10e32 6.4260626 3.9071336 1.4326401 -1.0414085 -3.5298266 -6.028808 -8.656651 -11.452114 -14.247579 -17.043043 -19.838507 -22.63397 -25.429434 -28.224897 -31.020363 -33.815826 -36.61129 -39.406754 -42.222324 -45.14854 -48.074757 -51.000973 -53.92719 -56.853405 -59.77962 -62.705837 -65.63205 -68.558266 -71.486404
10e32 10e32 10e32 10e32 10e32 10e32 10e32 10e32 10e32 10e32 10e32 10e32 10e32 10e32 10e32 10e32 10e32 10e32 10e32 10e32 10e32 10e32 10e32 10e32 10e32 10e32 10e32 10e32 10e32 10e32 10e32 10e32 10e32 10e32 10e32 10e32 10e32 10e32 10e32 10e32 10e32 10e32 10e32 10e32 10e32 10e32 10e32 4.9329467 2.4339569 -0.06525757 -2.5639095 -5.1945815 -7.9900455 -10.785509 -13.580974 -16.376438 -19.171902 -21.967365 -24.762829 -27.558294 -30.371996 -33.194153 -36.05805 -38.99705 -41.93605 -44.87505 -47.814053 -50.75305 -53.69205 -56.631054 -59.570053 -62.508823
10e32 10e32 10e32 10e32 10e32 10e32 10e32 10e32 10e32 10e32 10e32 10e32 10e32 10e32 10e32 10e32 10e32 10e32 10e32 10e32 10e32 10e32 10e32 10e32 10e32 10e32 10e32 10e32 10e32 10e32 10e32 10e32 10e32 10e32 10e32 10e32 10e32 10e32 10e32 10e32 10e32 10e32 10e32 10e32 10e32 10e32 10e32 10e32 10e32 10e32 5.8984838 3.3997154 0.90092456 -1.7325127 -4.5279765 -7.3234406 -10.118905 -12.914369 -15.712755 -18.53491 -21.357067 -24.179222 -27.001379 -29.86303 -32.80203 -35.74103 -38.68003 -41.61903 -44.558033 -47.497032 -50.42715 -53.340103
10e32 10e32 10e32 10e32 10e32 10e32 10e32 10e32 10e32 10e32 10e32 10e32 10e32 10e32 10e32 10e32 10e32 10e32 10e32 10e32 10e32 10e32 10e32 10e32 10e32 10e32 10e32 10e32 10e32 10e32 10e32 10e32 10e32 10e32 10e32 10e32 10e32 10e32 10e32 10e32 10e32 10e32 10e32 10e32 10e32 10e32 10e32 10e32 10e32 10e32 10e32 10e32 10e32 6.8646884 4.3657584 1.7295561 -1.0659078 -3.875671 -6.697827 -9.519982 -12.342138 -15.164294 -17.98645 -20.808605 -23.668009 -26.60701 -29.54601 -32.48501 -35.42401 -38.34548 -41.25843 -44.171383
10e32 10e32 10e32 10e32 10e32 10e32 10e32 10e32 10e32 10e32 10e32 10e32 10e32 10e32 10e32 10e32 10e32 10e32 10e32 10e32 10e32 10e32 10e32 10e32 10e32 10e32 10e32 10e32 10e32 10e32 10e32 10e32 10e32 10e32 10e32 10e32 10e32 10e32 10e32 10e32 10e32 10e32 10e32 10e32 10e32 10e32 10e32 10e32 10e32 10e32 10e32 10e32 10e32 10e32 10e32 10e32 7.823291 5.0510755 2.2790496 -0.505054 -3.32721 -6.149366 -8.971521 -11.793677 -14.615833 -17.472988 -20.41199 -23.35086 -26.26381 -29.17676 -32.08971 -35.002663
10e32 10e32 10e32 10e32 10e32 10e32 10e32 10e32 10e32 10e32 10e32 10e32 10e32 10e32 10e32 10e32 10e32 10e32 10e32 10e32 10e32 10e32 10e32 10e32 10e32 10e32 10e32 10e32 10e32 10e32 10e32 10e32 10e32 10e32 10e32 10e32 10e32 10e32 10e32 10e32 10e32 10e32 10e32 10e32 10e32 10e32 10e32 10e32 10e32 10e32 10e32 10e32 10e32 10e32 10e32 10e32 10e32 10e32 10e32 8.165924 5.3938594 2.6217957 -0.15026851 -2.9223325 -5.6943965 -8.46646 -11.26878 -14.182139 -17.095089 -20.00804 -22.92099 -25.83394
