test/UKGEOS_Glasgow/EXPORTS/ASCII(5mCell)/Faults/Fault_Rutherglen_50m_GGERFS_Predrill(5m).asc
ncols 567
nrows 127
xllcenter 260000.0
yllcenter 660850.0
cellsize 5.0
nodata_value 10e32
[rows 31 to 61 of 127, columns 68 to 135 of 567]
-327.49786 -329.06015 -330.62308 -332.18597 -333.7489 -335.31183 -336.87476 -338.43768 -339.97226 -341.48645 -343.0006 -344.5482 -346.12048 -347.69278 -349.26508 -350.83737 -352.40967 -353.98196 -355.55426 -357.12656 -358.69885 -360.27115 -361.8434 -363.4157 -365.00623 -366.60822 -368.22202 -369.8683 -371.5146 -373.1609 -374.8072 -376.4535 -378.09976 -379.74606 -381.39236 -383.03867 -384.68497 -386.33768 -387.9917 -389.64572 -391.29974 -392.95377 -394.68195 -396.6468 -398.66492 -400.68304 -402.70117 -404.71927 -406.7374 -408.75552 -410.77365 -412.79178 -414.8099 -416.90958 -419.6074 -422.93634 -426.10596 -429.26358 -432.4212 -435.57883 -438.73645 -441.89407 -445.0517 -448.20932 -451.36694 -454.52457 -457.6822 -460.8398
-319.34714 -320.9045 -322.46185 -324.0192 -325.57657 -327.139 -328.70193 -330.26486 -331.8278 -333.36844 -334.88263 -336.4329 -338.0052 -339.57748 -341.14978 -342.72208 -344.29437 -345.86667 -347.43896 -349.01126 -350.58356 -352.15585 -353.72815 -355.30045 -356.87274 -358.47696 -360.12772 -361.78174 -363.43576 -365.08978 -366.74384 -368.39786 -370.05188 -371.7059 -373.35992 -375.01395 -376.668 -378.32202 -379.97604 -381.63007 -383.2841 -384.9381 -386.77573 -388.7243 -390.67285 -392.671 -394.68912 -396.70724 -398.72537 -400.7435 -402.76163 -404.77972 -406.79785 -408.9685 -411.1737 -413.3789 -416.43912 -419.76807 -423.09702 -426.426 -429.7306 -432.8882 -436.04584 -439.20346 -442.36108 -445.5187 -448.67633 -451.83395
-311.19644 -312.7538 -314.31116 -315.8685 -317.42584 -318.98322 -320.54056 -322.0979 -323.65524 -325.21786 -326.76462 -328.3176 -329.8899 -331.4622 -333.0345 -334.60678 -336.18234 -337.76727 -339.3522 -340.93713 -342.52206 -344.107 -345.6919 -347.27682 -348.86176 -350.46506 -352.1167 -353.76837 -355.4201 -357.07413 -358.72815 -360.3822 -362.03622 -363.69025 -365.34427 -366.9983 -368.6523 -370.30637 -371.9604 -373.6144 -375.26843 -376.92245 -378.8695 -380.81805 -382.76663 -384.7152 -386.6771 -388.6952 -390.71332 -392.73145 -394.74957 -396.7677 -398.82224 -401.02744 -403.23264 -405.43784 -407.64304 -409.94186 -413.2708 -416.5998 -419.92874 -423.25772 -426.58667 -429.91565 -433.2446 -436.51285 -439.67047 -442.8281
-303.04575 -304.6031 -306.16046 -307.7178 -309.27515 -310.8325 -312.38986 -313.9472 -315.50455 -317.07697 -318.69513 -320.2692 -321.84845 -323.43335 -325.01828 -326.6032 -328.18814 -329.77307 -331.358 -332.94293 -334.52786 -336.1128 -337.69772 -339.28265 -340.86755 -342.4582 -344.10983 -345.7615 -347.41318 -349.06485 -350.7165 -352.36816 -354.02057 -355.6746 -357.3286 -358.98264 -360.63666 -362.29068 -363.94473 -365.59875 -367.25278 -369.0147 -370.96326 -372.91183 -374.8604 -376.809 -378.75754 -380.70612 -382.7013 -384.71942 -386.73755 -388.75565 -390.88116 -393.08636 -395.29156 -397.49677 -399.70197 -401.90717 -404.11237 -406.7736 -410.10254 -413.43152 -416.76047 -420.08945 -423.4184 -426.74734 -430.07632 -433.40527
-294.89505 -296.4524 -298.00974 -299.5671 -301.12445 -302.6818 -304.29 -305.90814 -307.5263 -309.14447 -310.76028 -312.32327 -313.88626 -315.44925 -317.0241 -318.609 -320.19394 -321.77887 -323.3638 -324.94873 -326.53366 -328.1186 -329.70352 -331.28845 -332.87338 -334.4583 -336.10297 -337.75464 -339.4063 -341.05798 -342.70963 -344.3613 -346.01297 -347.6646 -349.31628 -350.96796 -352.621 -354.27502 -355.92905 -357.5831 -359.23712 -361.10846 -363.05704 -365.0056 -366.9542 -368.90274 -370.85132 -372.7999 -374.74847 -376.70737 -378.7255 -380.74362 -382.9401 -385.1453 -387.3505 -389.5557 -391.7609 -393.9661 -396.1713 -398.3765 -400.5817 -403.60532 -406.93427 -410.26324 -413.5922 -416.92117 -420.25012 -423.57907
-286.74435 -288.3017 -289.8849 -291.50305 -293.1212 -294.73935 -296.35748 -297.97565 -299.5938 -301.21194 -302.81436 -304.37735 -305.94034 -307.50333 -309.0663 -310.6293 -312.19977 -313.78467 -315.3696 -316.95453 -318.53946 -320.1244 -321.70932 -323.29425 -324.87918 -326.4641 -328.09613 -329.74777 -331.39944 -333.05112 -334.70276 -336.35443 -338.0061 -339.65775 -341.30942 -342.9611 -344.61276 -346.2644 -347.91608 -349.56775 -351.25366 -353.20224 -355.15082 -357.0994 -359.04794 -360.99652 -362.9451 -364.89368 -366.84225 -368.7908 -370.73938 -372.79385 -374.99905 -377.20425 -379.40945 -381.61462 -383.81982 -386.02502 -388.23022 -390.43542 -392.64062 -394.84583 -397.10806 -400.43704 -403.766 -407.09497 -410.42392 -413.7529
-278.81668 -280.33423 -281.9524 -283.57053 -285.1887 -286.80682 -288.425 -290.04312 -291.6613 -293.27945 -294.86844 -296.43143 -297.99442 -299.5574 -301.1204 -302.68338 -304.24637 -305.80933 -307.37543 -308.96033 -310.54526 -312.1302 -313.71512 -315.30005 -316.88498 -318.4699 -320.08926 -321.7409 -323.39258 -325.04425 -326.6959 -328.34756 -329.99924 -331.6509 -333.30255 -334.95422 -336.6059 -338.25754 -339.94327 -341.6531 -343.36295 -345.2809 -347.25055 -349.19913 -351.14774 -353.0963 -355.04492 -356.9935 -358.9421 -360.8907 -362.8393 -364.78787 -366.96893 -369.20776 -371.4466 -373.67358 -375.87878 -378.08398 -380.28915 -382.49435 -384.69955 -386.90475 -389.10995 -391.31516 -393.9398 -397.26877 -400.59772 -403.9267
-271.0514 -272.54337 -274.03537 -275.63803 -277.25616 -278.87433 -280.49246 -282.11063 -283.7288 -285.34692 -286.92252 -288.4855 -290.0485 -291.61148 -293.17447 -294.73746 -296.30045 -297.8634 -299.4264 -300.98938 -302.55237 -304.136 -305.72092 -307.30585 -308.89078 -310.4757 -312.0824 -313.73404 -315.3857 -317.03738 -318.68903 -320.3407 -321.99237 -323.64404 -325.2957 -326.97882 -328.68866 -330.3985 -332.10834 -333.81818 -335.528 -337.31595 -339.29233 -341.2687 -343.2451 -345.19736 -347.14594 -349.09454 -351.04312 -352.99173 -354.9403 -356.88892 -358.8671 -361.10593 -363.34476 -365.58362 -367.82245 -370.0613 -372.30014 -374.53897 -376.7585 -378.9637 -381.16888 -383.37408 -385.57928 -387.7845 -390.7715 -394.1005
-263.28607 -264.77808 -266.27008 -267.76205 -269.32367 -270.9418 -272.55997 -274.1781 -275.79626 -277.4136 -278.9766 -280.53958 -282.10257 -283.66556 -285.22855 -286.79153 -288.35452 -289.91748 -291.48047 -293.04346 -294.60645 -296.16943 -297.73242 -299.31165 -300.89658 -302.4815 -304.07553 -305.72717 -307.37885 -309.03052 -310.6822 -312.33383 -314.01437 -315.7242 -317.43408 -319.14392 -320.85376 -322.5636 -324.27344 -325.98328 -327.6931 -329.40295 -331.32733 -333.3037 -335.2801 -337.25647 -339.23285 -341.1956 -343.14417 -345.09277 -347.04135 -348.98996 -350.93854 -353.0041 -355.24295 -357.48178 -359.7206 -361.95947 -364.1983 -366.43713 -368.676 -370.91483 -373.15366 -375.39252 -377.63135 -379.8434 -382.0486 -384.2743
-255.52077 -257.01276 -258.50476 -259.99677 -261.48877 -263.0093 -264.62744 -266.2456 -267.86377 -269.46768 -271.03067 -272.59366 -274.15665 -275.71964 -277.28262 -278.8456 -280.4086 -281.9716 -283.53455 -285.09753 -286.66052 -288.2235 -289.7865 -291.3495 -292.91248 -294.4873 -296.07224 -297.72034 -299.37198 -301.04996 -302.7598 -304.46964 -306.17947 -307.8893 -309.59915 -311.309 -313.01883 -314.72867 -316.4385 -318.14835 -319.8582 -321.56802 -323.36234 -325.3387 -327.3151 -329.2915 -331.26788 -333.24426 -335.22064 -337.1938 -339.1424 -341.09097 -343.03958 -344.98816 -347.1411 -349.37994 -351.61877 -353.85764 -356.09647 -358.3353 -360.57416 -362.813 -365.05182 -367.29068 -369.5295 -371.76834 -374.0072 -376.24603
-247.75546 -249.24747 -250.73946 -252.23146 -253.72345 -255.21545 -256.70746 -258.31308 -259.93124 -261.52176 -263.08475 -264.64774 -266.21072 -267.7737 -269.3367 -270.8997 -272.46268 -274.02567 -275.58862 -277.1516 -278.7146 -280.2776 -281.84058 -283.40356 -284.96655 -286.53134 -288.0962 -289.77914 -291.5052 -293.21503 -294.92487 -296.6347 -298.34454 -300.05438 -301.76422 -303.47406 -305.1839 -306.89374 -308.60358 -310.31342 -312.02325 -313.7331 -315.44293 -317.37375 -319.35013 -321.3265 -323.3029 -325.27927 -327.25565 -329.23203 -331.2084 -333.1848 -335.14062 -337.0892 -339.03928 -341.2781 -343.51694 -345.7558 -347.99463 -350.23346 -352.47232 -354.71115 -356.94998 -359.18884 -361.37732 -363.56052 -365.74374 -367.92697
-239.99016 -241.48216 -242.97415 -244.46616 -245.95815 -247.45015 -248.94214 -250.43414 -251.99873 -253.57584 -255.13882 -256.7018 -258.2648 -259.8278 -261.39145 -262.95633 -264.52118 -266.08606 -267.65094 -269.2158 -270.78067 -272.34555 -273.9104 -275.47528 -277.04016 -278.605 -280.17603 -281.76004 -283.47983 -285.22345 -286.96707 -288.7107 -290.4543 -292.19794 -293.9293 -295.63913 -297.34897 -299.0588 -300.76865 -302.4785 -304.18832 -305.89816 -307.608 -309.40875 -311.38513 -313.3615 -315.3379 -317.31427 -319.29065 -321.26706 -323.24344 -325.21982 -327.1962 -329.17258 -331.13882 -333.17627 -335.4151 -337.65396 -339.8928 -342.08798 -344.2712 -346.4544 -348.63763 -350.82083 -353.00406 -355.18726 -357.37048 -359.55368
-232.22227 -233.70636 -235.19044 -236.67453 -238.15862 -239.6427 -241.12679 -242.61087 -244.10739 -245.64124 -247.20566 -248.77052 -250.33539 -251.90027 -253.46513 -255.03001 -256.59488 -258.15976 -259.7246 -261.2895 -262.85437 -264.41922 -265.9841 -267.54898 -269.11383 -270.6787 -272.25803 -273.84204 -275.43686 -277.18048 -278.9241 -280.66772 -282.41135 -284.15497 -285.8986 -287.6422 -289.38583 -291.12946 -292.87308 -294.6167 -296.3534 -298.06323 -299.77307 -301.4829 -303.42014 -305.3965 -307.3729 -309.3493 -311.32568 -313.30206 -315.27844 -317.23837 -319.16895 -321.09952 -323.0301 -324.96066 -327.1579 -329.3483 -331.5315 -333.71472 -335.89792 -338.08115 -340.26437 -342.44757 -344.6308 -346.814 -348.99722 -351.18042
-224.31464 -225.79872 -227.2828 -228.76689 -230.25098 -231.73506 -233.21915 -234.72136 -236.23392 -237.75566 -239.29912 -240.84422 -242.40909 -243.97395 -245.53883 -247.1037 -248.66856 -250.23344 -251.79831 -253.36319 -254.92805 -256.49292 -258.0578 -259.62268 -261.18753 -262.75604 -264.34003 -265.92404 -267.50806 -269.13754 -270.88116 -272.6248 -274.3684 -276.11203 -277.85565 -279.59927 -281.3429 -283.08652 -284.83014 -286.57376 -288.31738 -290.061 -291.80463 -293.4888 -295.2365 -297.13162 -299.0622 -300.99277 -302.92334 -304.8539 -306.7845 -308.71506 -310.64563 -312.5762 -314.50677 -316.4721 -318.68814 -320.9042 -323.12024 -325.3363 -327.52466 -329.7079 -331.89108 -334.0743 -336.2575 -338.44073 -340.62396 -342.80716
-216.407 -217.89108 -219.37517 -220.85925 -222.34334 -223.82742 -225.33533 -226.84789 -228.36043 -229.87299 -231.41356 -232.95702 -234.50047 -236.04765 -237.61252 -239.1774 -240.74226 -242.30713 -243.87201 -245.43687 -247.00174 -248.56662 -250.13148 -251.69637 -253.26123 -254.83804 -256.42206 -258.00604 -259.59006 -261.17404 -262.8382 -264.58182 -266.32544 -268.06906 -269.81268 -271.5563 -273.29993 -275.04355 -276.78717 -278.51065 -280.1913 -281.872 -283.55267 -285.23334 -286.9952 -288.7844 -290.57358 -292.46945 -294.40002 -296.3306 -298.26117 -300.19174 -302.1223 -304.0529 -305.98346 -308.00235 -310.2184 -312.43445 -314.65048 -316.86655 -319.08258 -321.29865 -323.51468 -325.70105 -327.88425 -330.06747 -332.25067 -334.4339
-208.49937 -209.98346 -211.46754 -212.95161 -214.43674 -215.9493 -217.46185 -218.9744 -220.48695 -221.99951 -223.52798 -225.07144 -226.6149 -228.15837 -229.70183 -231.25108 -232.81595 -234.38083 -235.9457 -237.51057 -239.07544 -240.6403 -242.20518 -243.77005 -245.33604 -246.92004 -248.50404 -250.08806 -251.67206 -253.25606 -254.84006 -256.53885 -258.28247 -260.0261 -261.7697 -263.51337 -265.2132 -266.89386 -268.57452 -270.25522 -271.93588 -273.61655 -275.29724 -276.9779 -278.7539 -280.5431 -282.33228 -284.12146 -285.91064 -287.80728 -289.73785 -291.66843 -293.599 -295.52957 -297.46014 -299.5326 -301.74866 -303.9647 -306.18076 -308.3968 -310.61285 -312.8289 -315.04495 -317.261 -319.47702 -321.69308 -323.8774 -326.06064
-200.59174 -202.07582 -203.5599 -205.0507 -206.56326 -208.07582 -209.58838 -211.10092 -212.61348 -214.12604 -215.64241 -217.18587 -218.72934 -220.2728 -221.81625 -223.35971 -224.90317 -226.45451 -228.0194 -229.58426 -231.14914 -232.714 -234.27887 -235.84375 -237.41805 -239.00206 -240.58606 -242.17006 -243.75406 -245.33807 -246.92207 -248.50607 -250.23505 -251.91571 -253.59639 -255.27707 -256.95773 -258.63843 -260.3191 -261.99976 -263.68045 -265.3611 -267.04178 -268.72342 -270.5126 -272.3018 -274.09097 -275.88016 -277.66934 -279.4585 -281.24768 -283.14508 -285.07565 -287.00623 -288.9368 -291.06287 -293.2789 -295.49496 -297.711 -299.92706 -302.1431 -304.35913 -306.5752 -308.79123 -311.0073 -313.22333 -315.4394 -317.65543
-192.6841 -194.16818 -195.66467 -197.17723 -198.68979 -200.20235 -201.71489 -203.22745 -204.74 -206.25256 -207.76512 -209.30031 -210.84377 -212.38722 -213.93068 -215.47414 -217.01761 -218.56107 -220.10452 -221.65796 -223.22282 -224.78769 -226.35257 -227.91743 -229.50006 -231.08406 -232.66806 -234.25208 -235.83607 -237.38927 -238.89226 -240.39526 -241.98158 -243.66132 -245.34106 -247.02162 -248.7023 -250.38298 -252.06364 -253.74432 -255.425 -257.10568 -258.78635 -260.48212 -262.2713 -264.0605 -265.84967 -267.63885 -269.428 -271.2172 -273.00638 -274.79556 -276.58475 -278.4829 -280.41348 -282.5931 -284.80914 -287.0252 -289.24124 -291.4573 -293.67334 -295.8894 -298.10544 -300.3215 -302.53754 -304.7536 -306.96964 -309.18567
-184.77646 -186.27864 -187.7912 -189.30376 -190.81631 -192.32887 -193.84142 -195.35397 -196.86653 -198.37909 -199.89165 -201.41473 -202.95819 -204.50165 -206.04512 -207.58858 -209.13203 -210.67549 -212.21895 -213.76242 -215.30588 -216.86139 -218.42625 -219.99806 -221.58206 -223.16606 -224.69563 -226.19862 -227.70163 -229.20464 -230.70763 -232.21063 -233.72955 -235.4093 -237.08904 -238.76878 -240.44852 -242.12825 -243.80821 -245.48888 -247.16956 -248.85023 -250.53091 -252.24081 -254.02998 -255.81917 -257.60837 -259.39755 -261.1867 -262.9759 -264.76508 -266.55426 -268.34344 -270.13208 -271.92358 -274.08505 -276.29147 -278.49792 -280.70435 -282.91077 -285.11722 -287.32364 -289.53006 -291.7365 -293.94293 -296.14935 -298.3558 -300.56223
-176.9971 -178.4702 -179.91772 -181.43028 -182.94284 -184.45538 -185.96794 -187.4805 -188.99306 -190.50562 -192.01817 -193.53073 -195.07262 -196.61609 -198.15955 -199.703 -201.24646 -202.78992 -204.33339 -205.87685 -207.4203 -208.96376 -210.50781 -212.002 -213.505 -215.008 -216.511 -218.01399 -219.517 -221.02 -222.523 -224.026 -225.52899 -227.15727 -228.837 -230.51675 -232.19649 -233.87624 -235.55597 -237.23572 -238.91545 -240.59518 -242.27547 -243.9995 -245.78868 -247.57787 -249.35896 -251.13994 -252.92091 -254.70189 -256.48285 -258.26382 -260.04483 -261.8258 -263.6567 -265.5886 -267.60376 -269.8102 -272.01663 -274.22305 -276.4295 -278.63593 -280.84235 -283.0488 -285.25522 -287.46164 -289.6681 -291.8745
-169.35213 -170.89125 -172.41904 -173.86096 -175.30287 -176.74478 -178.1867 -179.62862 -181.11958 -182.63214 -184.1447 -185.65726 -187.18706 -188.73051 -190.27397 -191.81743 -193.3609 -194.90826 -196.45784 -198.00742 -199.55699 -201.10657 -202.65614 -204.05162 -205.32037 -206.82336 -208.32637 -209.82936 -211.33237 -212.83537 -214.33836 -215.84137 -217.34436 -218.90524 -220.58499 -222.26472 -223.94447 -225.6242 -227.30394 -228.98369 -230.66342 -232.34317 -234.02768 -235.7584 -237.4907 -239.27168 -241.05266 -242.83363 -244.61461 -246.39558 -248.17656 -249.95753 -251.73853 -253.5195 -255.38985 -257.32175 -259.2536 -261.1855 -263.32892 -265.53534 -267.7418 -269.9482 -272.15463 -274.36108 -276.5675 -278.77393 -280.98038 -283.1868
-161.70715 -163.24628 -164.78542 -166.32454 -167.8098 -169.25171 -170.69362 -172.13554 -173.57745 -175.01936 -176.46127 -177.9032 -179.33911 -180.8583 -182.40788 -183.95746 -185.50703 -187.05661 -188.60617 -190.15575 -191.70532 -193.2549 -194.80447 -196.26648 -197.52509 -198.78368 -200.14174 -201.64473 -203.14774 -204.65074 -206.15373 -207.65674 -209.15973 -210.66273 -212.33296 -214.0127 -215.69244 -217.37218 -219.05193 -220.73166 -222.4114 -224.09319 -225.82393 -227.55466 -229.2854 -231.01613 -232.74687 -234.52734 -236.30832 -238.0893 -239.87027 -241.65125 -243.43222 -245.2132 -247.12299 -249.05487 -250.98676 -252.91862 -254.85051 -256.84763 -259.05408 -261.2605 -263.46692 -265.67337 -267.8798 -270.0862 -272.29266 -274.56085
-154.06218 -155.6013 -157.14044 -158.67957 -160.21869 -161.75781 -163.20055 -164.64246 -166.08438 -167.52629 -168.9682 -170.41011 -171.85204 -173.2654 -174.67323 -176.10579 -177.65536 -179.20494 -180.75452 -182.30408 -183.85365 -185.40323 -186.9528 -188.48132 -189.73993 -190.99854 -192.25713 -193.51573 -194.9631 -196.46611 -197.9691 -199.4721 -200.9751 -202.4781 -204.08093 -205.76068 -207.44041 -209.12016 -210.7999 -212.47964 -214.15938 -215.88945 -217.62018 -219.35092 -221.08165 -222.8124 -224.54312 -226.27386 -228.0046 -229.78299 -231.56396 -233.34494 -235.12592 -236.92424 -238.85612 -240.78801 -242.7199 -244.65176 -246.58365 -248.51553 -250.44742 -252.57278 -254.77922 -256.98566 -259.19208 -261.3985 -263.6972 -266.07224
-146.4172 -147.95633 -149.49545 -151.03459 -152.57372 -154.11284 -155.65196 -157.14938 -158.5913 -160.03322 -161.47513 -162.91704 -164.35895 -165.78386 -167.1917 -168.59952 -170.00734 -171.41516 -172.90285 -174.45242 -176.00198 -177.55156 -179.10114 -180.65071 -181.95477 -183.21338 -184.47198 -185.73059 -186.98918 -188.28148 -189.78447 -191.28748 -192.79047 -194.29347 -195.82892 -197.50865 -199.1884 -200.86813 -202.54787 -204.22762 -205.95497 -207.6857 -209.41644 -211.14717 -212.87791 -214.60864 -216.33939 -218.07011 -219.80086 -221.53159 -223.26233 -225.03865 -226.81963 -228.65738 -230.58926 -232.52115 -234.45302 -236.3849 -238.31679 -240.24867 -242.18054 -244.11243 -246.0915 -248.29794 -250.50436 -252.83354 -255.20856 -257.5836
-138.77223 -140.31136 -141.85048 -143.38962 -144.92874 -146.46786 -148.00699 -149.54611 -151.08525 -152.54013 -153.98206 -155.42397 -156.86588 -158.30232 -159.71014 -161.11798 -162.5258 -163.93362 -165.34145 -166.74928 -168.1571 -169.69989 -171.24947 -172.79904 -174.16962 -175.42822 -176.68683 -177.94543 -179.20404 -180.46265 -181.72124 -183.10284 -184.60583 -186.10884 -187.61183 -189.25662 -190.93637 -192.6161 -194.29585 -196.02048 -197.75122 -199.48196 -201.21269 -202.94344 -204.67416 -206.4049 -208.13564 -209.86638 -211.5971 -213.32785 -215.05858 -216.78932 -218.52005 -220.39052 -222.3224 -224.25427 -226.18616 -228.11804 -230.04884 -231.97609 -233.90332 -235.83057 -237.75781 -239.68504 -241.9394 -244.34491 -246.71992 -249.09496
-131.12726 -132.66638 -134.2055 -135.74463 -137.28377 -138.82289 -140.36201 -141.90114 -143.44028 -144.9794 -146.48897 -147.9309 -149.3728 -150.81471 -152.2286 -153.63644 -155.04427 -156.45209 -157.85991 -159.26775 -160.67557 -162.08339 -163.49121 -164.94737 -166.38446 -167.64307 -168.90167 -170.16028 -171.41888 -172.67749 -173.9361 -175.19469 -176.4533 -177.92421 -179.4272 -181.00461 -182.68434 -184.36409 -186.086 -187.81674 -189.54747 -191.27821 -193.00894 -194.73969 -196.47041 -198.20116 -199.93188 -201.6611 -203.3461 -205.03108 -206.71608 -208.40106 -210.08606 -211.8918 -213.81903 -215.74628 -217.67352 -219.60075 -221.528 -223.45525 -225.38249 -227.30972 -229.24045 -231.17484 -233.1092 -235.232 -237.64828 -240.06459
-123.58963 -125.10577 -126.6219 -128.13803 -129.65417 -131.17792 -132.71704 -134.25616 -135.79529 -137.33443 -138.87355 -140.41267 -141.87973 -143.32164 -144.74707 -146.1549 -147.56273 -148.97055 -150.37837 -151.7862 -153.19403 -154.60185 -155.89468 -157.12299 -158.35129 -159.66112 -160.9814 -162.30168 -163.62196 -164.89233 -166.15094 -167.40955 -168.66815 -169.92674 -171.24257 -172.75258 -174.43231 -176.15152 -177.88226 -179.61299 -181.34373 -183.07446 -184.7597 -186.4447 -188.12968 -189.81468 -191.49966 -193.18466 -194.86964 -196.55464 -198.23962 -199.92462 -201.6096 -203.37096 -205.2982 -207.22543 -209.15268 -211.07993 -213.00716 -214.9344 -216.86186 -218.79623 -220.73062 -222.66501 -224.59938 -226.53377 -228.52458 -230.94087
-116.06271 -117.57884 -119.09498 -120.611115 -122.12725 -123.64339 -125.15952 -126.67565 -128.19179 -129.70793 -131.22858 -132.7677 -134.30682 -135.82857 -137.26553 -138.67336 -140.08119 -141.48901 -142.79747 -144.02577 -145.25407 -146.48236 -147.71066 -148.93896 -150.16727 -151.4144 -152.73466 -154.05495 -155.37523 -156.69551 -158.0158 -159.33607 -160.65636 -161.97664 -163.29692 -164.6172 -166.17332 -167.85832 -169.5433 -171.2283 -172.91328 -174.59827 -176.28326 -177.96825 -179.65324 -181.33823 -183.02322 -184.7082 -186.3932 -188.07819 -189.76318 -191.44817 -193.13316 -194.85011 -196.77736 -198.70459 -200.63184 -202.55908 -204.48631 -206.41765 -208.35204 -210.28642 -212.2208 -214.15518 -216.08955 -218.02394 -219.95831 -221.8927
-108.53579 -110.051926 -111.56806 -113.08419 -114.60033 -116.11646 -117.6326 -119.148735 -120.66487 -122.181 -123.697136 -125.21327 -126.72941 -128.24554 -129.72305 -130.92854 -132.15685 -133.38515 -134.61345 -135.84175 -137.07005 -138.29836 -139.52666 -140.75496 -141.98326 -143.21156 -144.48795 -145.80823 -147.12851 -148.44879 -149.76907 -151.08936 -152.40964 -153.7299 -155.05019 -156.37663 -157.71843 -159.23021 -160.95189 -162.67355 -164.39523 -166.11691 -167.80682 -169.4918 -171.1768 -172.86179 -174.54678 -176.23177 -177.91676 -179.60175 -181.28674 -182.97173 -184.65672 -186.3417 -188.25652 -190.18376 -192.111 -194.03906 -195.97345 -197.90782 -199.84221 -201.7766 -203.71097 -205.64536 -207.57973 -209.51411 -211.4485 -213.38287
-101.008865 -102.525 -104.04114 -105.557274 -107.07341 -108.58955 -110.105675 -111.62181 -113.13795 -114.607704 -116.06495 -117.52219 -118.97943 -120.43667 -121.89391 -123.1368 -124.12987 -125.201126 -126.42943 -127.65773 -128.88603 -130.11433 -131.34264 -132.57094 -133.79924 -135.02754 -136.25584 -137.56151 -138.88179 -140.20206 -141.52234 -142.84262 -144.1629 -145.48318 -146.80347 -148.14244 -149.48425 -150.82605 -152.27182 -153.9935 -155.71518 -157.43686 -159.15852 -160.8802 -162.60188 -164.32355 -166.04523 -167.75533 -169.4403 -171.1253 -172.81029 -174.49529 -176.18027 -177.86526 -179.73567 -181.66292 -183.59486 -185.52924 -187.46362 -189.398 -191.33238 -193.26677 -195.20114 -197.13553 -199.0699 -201.00429 -202.93867 -204.87305
-93.48195 -94.998085 -96.51422 -98.03035 -99.492355 -100.94959 -102.40684 -103.86408 -105.32132 -106.778564 -108.2358 -109.69305 -111.15028 -112.60753 -114.06477 -115.46725 -116.46031 -117.45338 -118.44644 -119.47372 -120.70202 -121.93032 -123.15862 -124.386925 -125.61522 -126.84352 -128.07182 -129.31477 -130.63506 -131.95534 -133.27562 -134.5959 -135.91618 -137.23647 -138.56645 -139.90826 -141.25006 -142.59187 -143.93367 -145.31345 -147.03513 -148.75679 -150.47847 -152.20015 -153.92183 -155.6435 -157.36517 -159.08685 -160.80852 -162.5302 -164.25188 -165.97354 -167.69522 -169.38881 -171.21626 -173.15065 -175.08504 -177.01941 -178.9538 -180.88817 -182.82256 -184.75694 -186.69131 -188.6257 -190.56007 -192.49446 -194.42885 -196.36322
