test/UKGEOS_Glasgow/EXPORTS/ASCII(5mCell)/Faults/Fault_f23_50m_GGERFS_Predrill(5m).asc
ncols 241
nrows 144
xllcenter 263797.75
yllcenter 661348.94
cellsize 5.0
nodata_value 10e32
[rows 0 to 25 of 144, columns 59 to 117 of 241]
10e32 10e32 10e32 10e32 10e32 10e32 10e32 10e32 10e32 10e32 10e32 10e32 10e32 10e32 10e32 10e32 10e32 10e32 10e32 10e32 10e32 10e32 10e32 10e32 10e32 10e32 10e32 10e32 10e32 10e32 10e32 10e32 10e32 10e32 10e32 -497.9432 -499.30518 10e32 10e32 10e32 10e32 10e32 10e32 10e32 10e32 10e32 10e32 10e32 10e32 10e32 10e32 10e32 10e32 10e32 10e32 10e32 10e32 10e32 10e32
10e32 10e32 10e32 10e32 10e32 10e32 10e32 10e32 10e32 10e32 10e32 10e32 10e32 10e32 10e32 10e32 10e32 10e32 10e32 10e32 10e32 10e32 10e32 10e32 10e32 10e32 10e32 10e32 10e32 10e32 10e32 10e32 10e32 10e32 -492.9603 -494.30917 -495.6644 -497.03082 -498.39728 -499.76373 10e32 10e32 10e32 10e32 10e32 10e32 10e32 10e32 10e32 10e32 10e32 10e32 10e32 10e32 10e32 10e32 10e32 10e32 10e32
10e32 10e32 10e32 10e32 10e32 10e32 10e32 10e32 10e32 10e32 10e32 10e32 10e32 10e32 10e32 10e32 10e32 10e32 10e32 10e32 10e32 10e32 10e32 10e32 10e32 10e32 10e32 10e32 10e32 10e32 10e32 10e32 -486.62848 -487.97736 -489.32626 -490.67514 -492.02402 -493.39005 -494.7565 -496.12296 -497.4894 -498.85587 10e32 10e32 10e32 10e32 10e32 10e32 10e32 10e32 10e32 10e32 10e32 10e32 10e32 10e32 10e32 10e32 10e32
10e32 10e32 10e32 10e32 10e32 10e32 10e32 10e32 10e32 10e32 10e32 10e32 10e32 10e32 10e32 10e32 10e32 10e32 10e32 10e32 10e32 10e32 10e32 10e32 10e32 10e32 10e32 10e32 10e32 10e32 10e32 -481.64557 -482.99445 -484.34332 -485.69223 -487.0411 -488.38998 -489.74927 -491.11572 -492.48218 -493.84863 -495.2151 -496.58154 -497.948 -499.31442 10e32 10e32 10e32 10e32 10e32 10e32 10e32 10e32 10e32 10e32 10e32 10e32 10e32 10e32
10e32 10e32 10e32 10e32 10e32 10e32 10e32 10e32 10e32 10e32 10e32 10e32 10e32 10e32 10e32 10e32 10e32 10e32 10e32 10e32 10e32 10e32 10e32 10e32 10e32 10e32 10e32 10e32 10e32 10e32 -476.66266 -478.01154 -479.3604 -480.7093 -482.05817 -483.40707 -484.75595 -486.1085 -487.47495 -488.8414 -490.20782 -491.57428 -492.94073 -494.3072 -495.67365 -497.0401 -498.40656 -499.773 10e32 10e32 10e32 10e32 10e32 10e32 10e32 10e32 10e32 10e32 10e32
10e32 10e32 10e32 10e32 10e32 10e32 10e32 10e32 10e32 10e32 10e32 10e32 10e32 10e32 10e32 10e32 10e32 10e32 10e32 10e32 10e32 10e32 10e32 10e32 10e32 10e32 10e32 10e32 10e32 -471.67972 -473.02863 -474.3775 -475.72638 -477.07526 -478.42413 -479.77304 -481.12192 -482.4708 -483.83414 -485.2006 -486.56705 -487.9335 -489.29996 -490.6664 -492.03287 -493.39932 -494.76578 -496.13223 -497.4987 -498.86514 10e32 10e32 10e32 10e32 10e32 10e32 10e32 10e32 10e32
10e32 10e32 10e32 10e32 10e32 10e32 10e32 10e32 10e32 10e32 10e32 10e32 10e32 10e32 10e32 10e32 10e32 10e32 10e32 10e32 10e32 10e32 10e32 10e32 10e32 10e32 10e32 -465.34793 -466.6968 -468.0457 -469.39456 -470.74347 -472.09235 -473.44122 -474.7901 -476.13898 -477.48788 -478.83676 -480.19336 -481.5598 -482.92627 -484.29272 -485.65918 -487.02563 -488.3921 -489.75854 -491.125 -492.49142 -493.85788 -495.22433 -496.5908 -497.95724 -499.3237 10e32 10e32 10e32 10e32 10e32 10e32
10e32 10e32 10e32 10e32 10e32 10e32 10e32 10e32 10e32 10e32 10e32 10e32 10e32 10e32 10e32 10e32 10e32 10e32 10e32 10e32 10e32 10e32 10e32 10e32 10e32 10e32 -460.36502 -461.7139 -463.06277 -464.41165 -465.76053 -467.10944 -468.4583 -469.8072 -471.15607 -472.50494 -473.85382 -475.20273 -476.55258 -477.91904 -479.2855 -480.65195 -482.0184 -483.38483 -484.75128 -486.11774 -487.4842 -488.85065 -490.2171 -491.58356 -492.95 -494.31647 -495.6876 -497.08456 -498.43475 -499.78494 10e32 10e32 10e32
10e32 10e32 10e32 10e32 10e32 10e32 10e32 10e32 10e32 10e32 10e32 10e32 10e32 10e32 10e32 10e32 10e32 10e32 10e32 10e32 10e32 10e32 10e32 10e32 10e32 -455.57632 -456.67758 -458.07202 -459.42874 -460.77762 -462.1265 -463.47537 -464.82428 -466.17316 -467.52203 -468.8709 -470.2198 -471.5687 -472.91757 -474.27823 -475.64468 -477.01114 -478.3776 -479.74405 -481.1105 -482.47696 -483.8434 -485.20987 -486.57632 -487.94278 -489.30923 -490.68488 -492.09357 -493.48718 -494.83737 -496.18756 -497.53775 -498.88794 10e32
10e32 10e32 10e32 10e32 10e32 10e32 10e32 10e32 10e32 10e32 10e32 10e32 10e32 10e32 10e32 10e32 10e32 10e32 10e32 10e32 10e32 10e32 10e32 10e32 -450.89688 -451.95294 -453.009 -454.35962 -455.75406 -457.1436 -458.49246 -459.84134 -461.19022 -462.53912 -463.888 -465.23688 -466.58575 -467.93463 -469.28354 -470.63745 -472.0039 -473.37036 -474.73682 -476.10327 -477.46973 -478.83618 -480.20264 -481.5691 -482.93555 -484.30197 -485.68216 -487.09085 -488.49954 -489.8898 -491.24 -492.59018 -493.94037 -495.29056 -496.64075
10e32 10e32 10e32 10e32 10e32 10e32 10e32 10e32 10e32 10e32 10e32 10e32 10e32 10e32 10e32 10e32 10e32 10e32 10e32 10e32 10e32 10e32 10e32 -446.2174 -447.27347 -448.32956 -449.38562 -450.64722 -452.04166 -453.4361 -454.83054 -456.2073 -457.55618 -458.9051 -460.25397 -461.60284 -462.95172 -464.3006 -465.64948 -466.99838 -468.36313 -469.72958 -471.09604 -472.4625 -473.82895 -475.1954 -476.56183 -477.92828 -479.29474 -480.67947 -482.08817 -483.49683 -484.90552 -486.29245 -487.64264 -488.9928 -490.343 -491.69318 -493.04337
10e32 10e32 10e32 10e32 10e32 10e32 10e32 10e32 10e32 10e32 10e32 10e32 10e32 10e32 10e32 10e32 10e32 10e32 10e32 10e32 10e32 10e32 -441.53796 -442.59402 -443.6501 -444.70618 -445.76224 -446.9348 -448.32925 -449.7237 -451.11813 -452.51257 -453.907 -455.27103 -456.61993 -457.9688 -459.3177 -460.66656 -462.01544 -463.36435 -464.72235 -466.0888 -467.45523 -468.8217 -470.18814 -471.5546 -472.92105 -474.2875 -475.67676 -477.08545 -478.49414 -479.90283 -481.3115 -482.69507 -484.04526 -485.39545 -486.74564 -488.09583 -489.44598
10e32 10e32 10e32 10e32 10e32 10e32 10e32 10e32 10e32 10e32 10e32 10e32 10e32 10e32 10e32 10e32 10e32 10e32 10e32 10e32 -435.80243 -436.8585 -437.91458 -438.97064 -440.0267 -441.08276 -442.13885 -443.2224 -444.61685 -446.0113 -447.40573 -448.80017 -450.1946 -451.58905 -452.9835 -454.33478 -455.68365 -457.03253 -458.3814 -459.7303 -461.08154 -462.448 -463.81445 -465.1809 -466.54736 -467.91382 -469.28027 -470.67404 -472.08273 -473.49142 -474.90012 -476.3088 -477.7175 -479.0977 -480.44788 -481.79807 -483.14825 -484.49844 -485.84863
10e32 10e32 10e32 10e32 10e32 10e32 10e32 10e32 10e32 10e32 10e32 10e32 10e32 10e32 10e32 10e32 10e32 10e32 10e32 -431.123 -432.17905 -433.2351 -434.29117 -435.34726 -436.40332 -437.45938 -438.51547 -439.57153 -440.90445 -442.2989 -443.69333 -445.08777 -446.4822 -447.87665 -449.2711 -450.66553 -452.04962 -453.3985 -454.74738 -456.09625 -457.44513 -458.80722 -460.17368 -461.54013 -462.9066 -464.27304 -465.67133 -467.08002 -468.4887 -469.8974 -471.3061 -472.71478 -474.12347 -475.5003 -476.8505 -478.20068 -479.55087 -480.90106 -482.25125
10e32 10e32 10e32 10e32 10e32 10e32 10e32 10e32 10e32 10e32 10e32 10e32 10e32 10e32 10e32 10e32 10e32 10e32 -426.4435 -427.4996 -428.55566 -429.61172 -430.6678 -431.72388 -432.77994 -433.836 -434.89206 -435.94815 -437.19205 -438.5865 -439.98093 -441.37537 -442.7698 -444.16425 -445.5587 -446.95312 -448.34756 -449.742 -451.11334 -452.46222 -453.8111 -455.16644 -456.5329 -457.89935 -459.2658 -460.66864 -462.0773 -463.486 -464.89468 -466.30338 -467.71207 -469.12076 -470.52945 -471.90295 -473.25314 -474.60333 -475.9535 -477.30368 -478.65387
10e32 10e32 10e32 10e32 10e32 10e32 10e32 10e32 10e32 10e32 10e32 10e32 10e32 10e32 10e32 10e32 10e32 -421.76407 -422.82013 -423.8762 -424.93228 -425.98834 -427.0444 -428.10046 -429.15656 -430.21262 -431.26868 -432.32474 -433.47968 -434.8741 -436.26855 -437.66296 -439.0574 -440.45184 -441.84628 -443.24072 -444.63516 -446.0296 -447.42404 -448.81848 -450.17706 -451.52594 -452.8921 -454.25854 -455.66592 -457.07462 -458.4833 -459.89197 -461.30066 -462.70935 -464.11804 -465.52673 -466.93542 -468.30557 -469.65576 -471.00595 -472.35614 -473.70633 -475.05652
10e32 10e32 10e32 10e32 10e32 10e32 10e32 10e32 10e32 10e32 10e32 10e32 10e32 10e32 10e32 -415.41727 -416.67944 -417.94165 -419.19675 -420.2528 -421.30887 -422.36496 -423.42102 -424.47708 -425.53314 -426.58923 -427.6453 -428.70135 -429.76727 -431.1617 -432.55615 -433.9506 -435.34503 -436.73947 -438.13388 -439.52832 -440.92276 -442.3172 -443.71164 -445.10608 -446.50052 -447.8919 -449.25452 -450.6632 -452.0719 -453.4806 -454.88928 -456.29797 -457.70663 -459.11533 -460.52402 -461.9327 -463.3414 -464.7082 -466.05838 -467.40857 -468.75876 -470.10895 -471.45914
10e32 10e32 10e32 10e32 10e32 10e32 10e32 10e32 10e32 10e32 10e32 10e32 10e32 10e32 -410.1389 -411.4011 -412.66327 -413.92545 -415.18765 -416.44983 -417.6855 -418.74158 -419.79764 -420.8537 -421.90976 -422.96585 -424.0219 -425.07797 -426.13403 -427.4493 -428.84375 -430.2382 -431.63263 -433.02707 -434.4215 -435.81595 -437.2104 -438.6048 -439.99924 -441.39368 -442.78812 -444.2535 -445.69046 -447.06918 -448.47787 -449.88657 -451.29526 -452.70395 -454.11264 -455.5213 -456.93 -458.33868 -459.74738 -461.11084 -462.461 -463.8112 -465.16138 -466.51157 -467.86176
10e32 10e32 10e32 10e32 10e32 10e32 10e32 10e32 10e32 10e32 10e32 10e32 10e32 -404.86053 -406.1227 -407.38492 -408.6471 -409.90927 -411.17148 -412.43365 -413.69583 -414.95804 -416.17426 -417.23032 -418.28638 -419.34244 -420.39853 -421.4546 -422.51065 -423.7369 -425.13135 -426.5258 -427.92023 -429.31467 -430.7091 -432.10355 -433.498 -434.89243 -436.28687 -437.75952 -439.24075 -440.72195 -442.19043 -443.53207 -444.88385 -446.29254 -447.70123 -449.10992 -450.51862 -451.9273 -453.33597 -454.74466 -456.15335 -457.51346 -458.86365 -460.21384 -461.56403 -462.91418 -464.26437
10e32 10e32 10e32 10e32 10e32 10e32 10e32 10e32 10e32 10e32 10e32 10e32 -399.58218 -400.84436 -402.10654 -403.36874 -404.63092 -405.8931 -407.1553 -408.41748 -409.67966 -410.94186 -412.20404 -413.46622 -414.663 -415.71906 -416.77515 -417.8312 -418.88727 -420.0245 -421.41895 -422.8134 -424.20782 -425.60226 -426.9967 -428.39114 -429.78558 -431.26553 -432.74673 -434.22797 -435.7092 -437.1904 -438.67163 -440.03204 -441.37372 -442.71536 -444.1072 -445.5159 -446.9246 -448.33328 -449.74197 -451.15063 -452.55933 -453.91608 -455.26627 -456.61646 -457.96664 -459.31683 -460.66702
10e32 10e32 10e32 10e32 10e32 10e32 10e32 10e32 10e32 10e32 -393.04163 -394.3038 -395.56598 -396.8282 -398.09036 -399.35254 -400.61475 -401.87692 -403.1391 -404.4013 -405.66348 -406.92566 -408.18787 -409.45004 -410.71222 -411.97443 -413.15173 -414.20782 -415.2639 -416.31995 -417.70654 -419.10098 -420.49542 -421.88986 -423.2903 -424.7715 -426.25275 -427.73398 -429.2152 -430.6964 -432.17764 -433.65887 -435.14008 -436.532 -437.8737 -439.21533 -440.557 -441.92188 -443.33057 -444.73926 -446.14795 -447.55664 -448.9653 -450.3187 -451.66888 -453.01907 -454.36926 -455.71945 -457.06964
10e32 10e32 10e32 10e32 10e32 10e32 10e32 10e32 10e32 -387.61218 -389.12204 -390.63153 -391.85193 -393.0723 -394.2927 -395.5131 -396.7335 -397.95386 -399.17426 -400.39465 -401.6473 -402.9095 -404.1717 -405.43387 -406.69604 -407.95825 -409.22043 -410.4826 -411.6405 -412.69656 -413.99414 -415.38858 -416.7963 -418.27753 -419.75876 -421.24 -422.7212 -424.20242 -425.68365 -427.1649 -428.6461 -430.12732 -431.60855 -433.03198 -434.37366 -435.7153 -437.05698 -438.39862 -439.7403 -441.14523 -442.55392 -443.96262 -445.37115 -446.72134 -448.07153 -449.4217 -450.77188 -452.21872 -453.76608
10e32 10e32 10e32 10e32 10e32 10e32 10e32 10e32 -382.16547 -383.67532 -385.18518 -386.69507 -388.20493 -389.45242 -390.67282 -391.8932 -393.1136 -394.33398 -395.55438 -396.77475 -397.99515 -399.21555 -400.43594 -401.6563 -402.8767 -404.0971 -405.31747 -406.53787 -407.75827 -408.9908 -410.3023 -411.78354 -413.26477 -414.74597 -416.2272 -417.70844 -419.18967 -420.67087 -422.1521 -423.63333 -425.11456 -426.59576 -428.077 -429.53195 -430.87363 -432.21527 -433.55695 -434.8986 -436.24026 -437.5819 -438.9599 -440.3686 -441.77377 -443.12396 -444.47415 -445.86737 -447.41473 -448.9621 -450.50943
10e32 10e32 10e32 10e32 10e32 10e32 10e32 -376.71875 -378.2286 -379.73846 -381.24832 -382.7582 -384.26807 -385.77792 -387.05292 -388.27332 -389.4937 -390.71408 -391.93448 -393.15488 -394.37527 -395.59564 -396.81604 -398.03644 -399.25684 -400.4772 -401.6976 -402.918 -404.1384 -405.35876 -406.79102 -408.25266 -409.73322 -411.21445 -412.69565 -414.17688 -415.6581 -417.13934 -418.62054 -420.10178 -421.583 -423.06424 -424.54544 -426.02667 -427.3736 -428.71524 -430.05692 -431.39856 -432.74023 -434.08188 -435.42355 -436.77457 -438.1764 -439.52658 -441.0634 -442.61075 -444.15808 -445.70544 -447.2528
10e32 10e32 10e32 10e32 10e32 -369.76215 -371.27203 -372.7819 -374.29175 -375.8016 -377.3115 -378.82135 -380.3312 -381.84106 -383.35095 -384.6534 -385.8738 -387.0942 -388.3146 -389.53497 -390.75537 -391.97577 -393.19617 -394.41653 -395.63693 -396.85733 -398.07773 -399.2981 -400.5185 -401.82935 -403.29095 -404.7526 -406.2142 -407.6829 -409.16412 -410.64532 -412.12656 -413.6078 -415.08902 -416.57022 -418.05145 -419.53268 -421.01392 -422.49512 -423.87354 -425.2152 -426.5569 -427.89853 -429.2402 -430.58185 -431.92352 -433.26517 -434.70538 -436.2594 -437.80676 -439.3541 -440.90146 -442.4488 -443.99615
10e32 10e32 10e32 10e32 -364.31522 -365.8253 -367.33517 -368.84503 -370.3549 -371.86475 -373.37463 -374.8845 -376.39435 -377.9042 -379.4141 -380.92395 -382.25394 -383.4743 -384.6947 -385.9151 -387.1355 -388.35587 -389.57626 -390.79666 -392.01706 -393.23743 -394.45782 -395.67822 -396.89862 -398.32928 -399.7909 -401.25253 -402.71414 -404.17578 -405.63742 -407.1138 -408.595 -410.07623 -411.55746 -413.0387 -414.5199 -416.00113 -417.48236 -418.9636 -420.3735 -421.71518 -423.05685 -424.3985 -425.74017 -427.08182 -428.4235 -429.82996 -431.412 -432.97894 -434.53693 -436.09494 -437.6448 -439.19217 -440.7395
