test/UKGEOS_Glasgow/EXPORTS/ASCII(5mCell)/MineWorkings/Probable/Workings_Probable_VirginCoall_50m_GGERFS_Predrill(5m).asc
ncols 527
nrows 351
xllcenter 261242.94
yllcenter 663247.44
cellsize 5.0
nodata_value 10e32
[rows 34 to 67 of 351, columns 0 to 76 of 527]
10e32 18.360594 18.013727 17.666864 17.31998 16.967934 16.60794 16.237816 15.86769 15.483911 15.098436 14.712963 14.328544 13.949454 13.5391865 13.098746 12.658306 12.2287 11.853658 11.478616 11.103573 10.728531 10.352683 9.957671 9.557988 9.148462 8.741068 8.343189 7.94531 7.5474315 7.150678 6.7779756 6.405273 6.0204954 5.606048 5.191601 4.7771535 4.4154067 4.0623813 3.7111151 3.3624182 3.0139298 2.6704316 2.3269334 1.9825231 1.635922 1.289321 0.9427199 0.62879413 0.31517273 0.0015513415 -0.31207004 -0.6256915 -0.93492424 -1.232578 -1.5302317 -1.8278855 -2.1255393 -2.4274518 -2.740041 -3.0442429 -3.3541098 -3.6709638 -3.9878178 -4.3045354 -4.617716 -4.933672 -5.270944 -5.6082163 -5.9454885 -6.281941 -6.6128473 -6.943754 -7.2746606 -7.605851 -7.9384246 -8.262449
10e32 10e32 17.184702 16.837841 16.490957 16.144072 15.789609 15.419483 15.03836 14.652885 14.267411 13.881937 13.496464 13.093043 12.652604 12.212164 11.771724 11.331284 10.934164 10.559121 10.184079 9.809036 9.415082 9.02007 8.623418 8.213892 7.804366 7.3948407 6.992134 6.5942554 6.196377 5.8204722 5.4449897 5.030542 4.6160946 4.2016473 3.7872 3.417304 3.066208 2.7175112 2.3688142 2.0201175 1.6735226 1.3300244 0.98474735 0.6381463 0.29154524 -0.0550558 -0.3909142 -0.7045356 -1.018157 -1.3317784 -1.6444206 -1.956361 -2.2611055 -2.5587592 -2.8564131 -3.1540668 -3.4666584 -3.781076 -4.0868387 -4.391041 -4.695243 -5.006477 -5.323331 -5.6372747 -5.969687 -6.3069596 -6.644232 -6.981504 -7.318776 -7.6516204 -7.982527 -8.313434 -8.645739 -8.9783125 -9.305051
10e32 10e32 10e32 16.008818 15.661933 15.315048 14.968164 14.592808 14.207334 13.821183 13.434866 13.048548 12.6622305 12.219167 11.766021 11.325582 10.885141 10.444701 10.014669 9.639627 9.264585 8.872492 8.47748 8.082469 7.6874566 7.279321 6.869796 6.4602704 6.0507445 5.641219 5.243201 4.8629694 4.455036 4.0405884 3.6261413 3.2116938 2.7972465 2.4213006 2.072604 1.7239071 1.3752103 1.0265136 0.67781675 0.33311525 -0.013028349 -0.3596294 -0.70623046 -1.0528315 -1.3994325 -1.724244 -2.0378654 -2.351146 -2.6630864 -2.9750268 -3.2869673 -3.5872867 -3.8849406 -4.1914473 -4.5058646 -4.8202825 -5.129435 -5.4336367 -5.7378387 -6.042041 -6.3462424 -6.6684303 -7.0057025 -7.3429747 -7.6802473 -8.017519 -8.354792 -8.6903925 -9.021299 -9.353052 -9.685626 -10.018199 -10.347652
10e32 10e32 10e32 10e32 14.827242 14.479597 14.129837 13.754607 13.369919 12.983602 12.597284 12.210967 11.82465 11.385276 10.9273815 10.469487 10.011594 9.558119 9.117679 8.720133 8.329903 7.9348907 7.539879 7.144867 6.7498555 6.344751 5.9352255 5.5256996 5.116174 4.706649 4.297123 3.8783588 3.4629827 3.0476062 2.63223 2.2168536 1.7991408 1.3989358 1.0551463 0.7113567 0.36756715 0.023777599 -0.32001197 -0.664203 -1.010804 -1.3574051 -1.7040062 -2.0506072 -2.3972082 -2.7438092 -3.0575738 -3.3698118 -3.6817522 -3.9936926 -4.305633 -4.615814 -4.916236 -5.230654 -5.545071 -5.859489 -6.172031 -6.476233 -6.7804346 -7.0846367 -7.390757 -7.710555 -8.046185 -8.381814 -8.7174425 -9.0535345 -9.390807 -9.72808 -10.060367 -10.39294 -10.725513 -11.058086 -11.390254
10e32 10e32 10e32 10e32 10e32 13.639585 13.286261 12.909609 12.528526 12.14602 11.759703 11.373385 10.987068 10.551385 10.093491 9.635596 9.177703 8.719809 8.256879 7.787234 7.392258 6.997283 6.6022773 6.2072654 5.812254 5.4101806 5.0006547 4.581076 4.1533184 3.7255607 3.2996488 2.8821523 2.4661958 2.0508194 1.6354431 1.2200668 0.7941587 0.37052378 0.026734227 -0.31705534 -0.6608449 -1.0046345 -1.3485314 -1.6930432 -2.0356066 -2.3778894 -2.720172 -3.0624545 -3.4047372 -3.7470198 -4.0787106 -4.3913674 -4.7040243 -5.016681 -5.329338 -5.641995 -5.9556804 -6.2698603 -6.5842776 -6.8986955 -7.2131133 -7.518829 -7.823031 -8.128819 -8.437873 -8.754083 -9.089712 -9.425342 -9.760971 -10.0966 -10.432229 -10.767978 -11.101509 -11.432827 -11.765401 -12.097974 -12.430548
10e32 10e32 10e32 10e32 10e32 10e32 12.442685 12.06461 11.683527 11.302444 10.921362 10.535804 10.149487 9.717494 9.2596 8.801705 8.33454 7.8241105 7.3136806 6.8466783 6.454407 6.0594316 5.6644564 5.2694807 4.8745055 4.4354577 4.0077 3.5799425 3.1521847 2.724427 2.3044455 1.8869492 1.4694527 1.0540326 0.6386563 0.21672286 -0.21082348 -0.6383698 -1.0016779 -1.3454674 -1.6892569 -2.0331666 -2.3776784 -2.7221901 -3.0653298 -3.4076123 -3.7498949 -4.0921774 -4.43446 -4.7791996 -5.1190295 -5.4316864 -5.7443433 -6.057 -6.369657 -6.6913733 -7.0092597 -7.3176584 -7.626057 -7.937902 -8.252319 -8.561425 -8.866882 -9.175936 -9.484989 -9.797611 -10.133241 -10.468869 -10.804499 -11.140128 -11.476281 -11.814241 -12.146621 -12.477668 -12.808715 -13.139762 -13.470809
10e32 10e32 10e32 10e32 10e32 10e32 10e32 11.219613 10.83853 10.457446 10.076363 9.69528 9.311905 8.883603 8.412203 7.901773 7.391343 6.8809133 6.3704834 5.905816 5.5150213 5.1215806 4.7266054 4.3316298 3.9073892 3.4362106 3.0065663 2.5788085 2.151051 1.7267387 1.3092424 0.8917459 0.4742495 0.05724577 -0.36071295 -0.78825927 -1.2158056 -1.6433519 -2.0300899 -2.3738794 -2.7178018 -3.0623136 -3.4068253 -3.751337 -4.0950527 -4.4373355 -4.779618 -5.1219006 -5.467408 -5.813095 -6.1587825 -6.4720054 -6.7846622 -7.097319 -7.4186735 -7.741874 -8.0628395 -8.371238 -8.679637 -8.988035 -9.296434 -9.604945 -9.913999 -10.223052 -10.532106 -10.84116 -11.176768 -11.512398 -11.848026 -12.184586 -12.522546 -12.860506 -13.191732 -13.522779 -13.8538265 -14.184874 -14.524054
10e32 10e32 10e32 10e32 10e32 10e32 10e32 10e32 10e32 9.612453 9.231369 8.850286 8.448409 7.979435 7.469005 6.9585752 6.4481454 5.9377155 5.4272857 4.9649534 4.574159 4.1833644 3.7887542 3.3897562 2.9185777 2.4473991 2.0054326 1.577675 1.1499172 0.7315355 0.3140391 -0.10345731 -0.5209537 -0.94069844 -1.3666071 -1.7932415 -2.2207878 -2.648334 -3.058502 -3.402437 -3.7469487 -4.09146 -4.435972 -4.780484 -5.124776 -5.4670587 -5.809929 -6.1556163 -6.5013037 -6.846991 -7.1926785 -7.512324 -7.824981 -8.145973 -8.469174 -8.792376 -9.115577 -9.424817 -9.733216 -10.041615 -10.350662 -10.659745 -10.963575 -11.270168 -11.579223 -11.888276 -12.220296 -12.555925 -12.892889 -13.230849 -13.56881 -13.905798 -14.236845 -14.567892 -14.904332 -15.243534 -15.582736
10e32 10e32 10e32 10e32 10e32 10e32 10e32 10e32 10e32 10e32 8.363278 7.9173684 7.471454 7.011977 6.521427 6.015378 5.5049477 4.994518 4.484088 4.0240912 3.6332965 3.242502 2.8509033 2.4009445 1.929766 1.4585875 1.0042989 0.57654124 0.15382868 -0.26366773 -0.68116415 -1.1011533 -1.5270534 -1.9529533 -2.3788638 -2.8047755 -3.2306871 -3.6565988 -4.0851316 -4.4321647 -4.776332 -5.1206074 -5.4651194 -5.809631 -6.154143 -6.4981375 -6.843825 -7.189512 -7.535199 -7.8808866 -8.226574 -8.552643 -8.873273 -9.196474 -9.519675 -9.842876 -10.166078 -10.478396 -10.786796 -11.096248 -11.405929 -11.715517 -12.019346 -12.323176 -12.627007 -12.935392 -13.263824 -13.601192 -13.939154 -14.277114 -14.615074 -14.95091 -15.28461 -15.623813 -15.963015 -16.302217 -16.6406
10e32 10e32 10e32 10e32 10e32 10e32 10e32 10e32 10e32 10e32 10e32 6.9404154 6.494498 6.0431476 5.552597 5.062047 4.5617504 4.0513206 3.5408905 3.0832288 2.6924343 2.3016396 1.8459628 1.3973349 0.94095445 0.46977594 0.0031652634 -0.42387813 -0.8413746 -1.261608 -1.6875081 -2.113408 -2.5393083 -2.9652088 -3.3911204 -3.817032 -4.242944 -4.679837 -5.1064243 -5.4654217 -5.809589 -6.1537557 -6.497923 -6.84209 -7.188093 -7.539202 -7.8841486 -8.229095 -8.574041 -8.918988 -9.263935 -9.611513 -9.930595 -10.249677 -10.570176 -10.893377 -11.2165785 -11.532151 -11.841832 -12.151513 -12.461194 -12.770875 -13.075118 -13.378948 -13.682777 -13.986608 -14.313619 -14.651869 -14.990119 -15.328368 -15.666618 -16.0048 -16.343292 -16.682495 -17.021698 -17.360899 -17.69572
10e32 10e32 10e32 10e32 10e32 10e32 10e32 10e32 10e32 10e32 10e32 10e32 5.5175414 5.0716243 4.5837674 4.093217 3.6026666 3.1081228 2.597693 2.1423664 1.7515719 1.2796245 0.7999883 0.34657505 -0.09702332 -0.5406217 -0.99021417 -1.4220628 -1.8479629 -2.2738628 -2.699763 -3.125663 -3.5515633 -3.9774654 -4.403377 -4.832909 -5.2727127 -5.7125163 -6.127717 -6.490978 -6.842846 -7.1870127 -7.53118 -7.875347 -8.226946 -8.579954 -8.92906 -9.274006 -9.618953 -9.9639 -10.321542 -10.696038 -11.027199 -11.346281 -11.665362 -11.984445 -12.298225 -12.590733 -12.897098 -13.206779 -13.516459 -13.826141 -14.130889 -14.434719 -14.738549 -15.051695 -15.3788595 -15.713964 -16.052214 -16.390463 -16.728714 -17.066872 -17.40498 -17.743088 -18.081196 -18.419582 -18.75084
10e32 10e32 10e32 10e32 10e32 10e32 10e32 10e32 10e32 10e32 10e32 10e32 10e32 4.094668 3.6149378 3.1243873 2.633837 2.1432865 1.6527362 1.1929222 0.7132861 0.23365001 -0.24598609 -0.70418483 -1.1477832 -1.5913815 -2.0339148 -2.4611251 -2.8789127 -3.2967005 -3.7144883 -4.137918 -4.563818 -4.989722 -5.425784 -5.8655877 -6.3053913 -6.745195 -7.1490097 -7.5122705 -7.875531 -8.22027 -8.564437 -8.912791 -9.265799 -9.618807 -9.971815 -10.318917 -10.663864 -11.014529 -11.389026 -11.763523 -12.123803 -12.442884 -12.761967 -13.076388 -13.368896 -13.661402 -13.953909 -14.262045 -14.571726 -14.881407 -15.186661 -15.490491 -15.794717 -16.12188 -16.449045 -16.776209 -17.11431 -17.452559 -17.790808 -18.128944 -18.46705 -18.805159 -19.143267 -19.475763 -19.786442
10e32 10e32 10e32 10e32 10e32 10e32 10e32 10e32 10e32 10e32 10e32 10e32 10e32 10e32 10e32 2.1173615 1.6221415 1.1269215 0.63170165 0.14722425 -0.3326883 -0.8123244 -1.2919605 -1.7549447 -2.198543 -2.6421413 -3.0812101 -3.5147288 -3.9325166 -4.350304 -4.768092 -5.1858797 -5.605823 -6.022735 -6.458463 -6.898267 -7.3380704 -7.777874 -8.170302 -8.533563 -8.896824 -9.253527 -9.598636 -9.951644 -10.304651 -10.65766 -11.010668 -11.363676 -11.708775 -12.082013 -12.456511 -12.831007 -13.205503 -13.539489 -13.854551 -14.147058 -14.439565 -14.732071 -15.024578 -15.31731 -15.626991 -15.936672 -16.242432 -16.546263 -16.864902 -17.192066 -17.51923 -17.846394 -18.176405 -18.514654 -18.852903 -19.191015 -19.529123 -19.867231 -20.19569 -20.523054 -20.830036
10e32 10e32 10e32 10e32 10e32 10e32 10e32 10e32 10e32 10e32 10e32 10e32 10e32 10e32 10e32 10e32 0.57186556 0.07664565 -0.41397184 -0.89635366 -1.3786627 -1.8582989 -2.337935 -2.8057046 -3.2493029 -3.6921175 -4.128505 -4.5648932 -4.98612 -5.4039083 -5.821696 -6.2468324 -6.6767583 -7.0896664 -7.492161 -7.9309454 -8.370749 -8.810553 -9.191595 -9.554855 -9.918117 -10.281377 -10.639941 -10.99519 -11.350438 -11.705687 -12.060935 -12.416183 -12.78414 -13.156401 -13.528662 -13.900923 -14.273184 -14.632713 -14.9252205 -15.217727 -15.510234 -15.80274 -16.095247 -16.387754 -16.682257 -16.991938 -17.298203 -17.607924 -17.935087 -18.26225 -18.589415 -18.91658 -19.243744 -19.57675 -19.914978 -20.253086 -20.588255 -20.915617 -21.242981 -21.570343 -21.873629
10e32 10e32 10e32 10e32 10e32 10e32 10e32 10e32 10e32 10e32 10e32 10e32 10e32 10e32 10e32 10e32 10e32 -0.9736303 -1.4575481 -1.9399315 -2.4223015 -2.9042733 -3.3839095 -3.8564644 -4.3000627 -4.739413 -5.1758003 -5.6121883 -6.0397243 -6.4579163 -6.887842 -7.3177676 -7.7476935 -8.156598 -8.5590925 -8.963625 -9.403428 -9.843232 -10.212887 -10.576148 -10.952691 -11.371453 -11.729881 -12.079756 -12.435004 -12.790253 -13.145501 -13.505963 -13.883047 -14.255308 -14.627569 -14.99983 -15.372091 -15.699923 -15.997459 -16.289495 -16.581532 -16.873568 -17.165916 -17.458424 -17.750929 -18.047205 -18.353975 -18.678108 -19.005272 -19.332438 -19.659601 -19.986765 -20.313929 -20.641092 -20.97705 -21.308182 -21.635546 -21.962908 -22.29027 -22.617632 -22.917223
10e32 10e32 10e32 10e32 10e32 10e32 10e32 10e32 10e32 10e32 10e32 10e32 10e32 10e32 10e32 10e32 10e32 10e32 -2.5011246 -2.9835095 -3.4658794 -3.9482496 -4.429884 -4.907224 -5.35032 -5.786708 -6.223096 -6.659484 -7.0996294 -7.5288515 -7.9587774 -8.388703 -8.818628 -9.22353 -9.626024 -10.028519 -10.436107 -10.870919 -11.2341795 -11.637614 -12.056376 -12.475139 -12.831298 -13.170367 -13.519571 -13.87482 -14.230068 -14.604246 -14.981955 -15.354216 -15.726477 -16.098738 -16.447445 -16.76267 -17.07037 -17.362406 -17.654442 -17.946478 -18.238514 -18.53055 -18.822586 -19.114622 -19.42041 -19.74733 -20.07425 -20.40117 -20.72809 -21.055012 -21.381931 -21.70885 -22.030142 -22.35659 -22.683039 -23.010197 -23.33756 -23.661972 -23.960817
10e32 10e32 10e32 10e32 10e32 10e32 10e32 10e32 10e32 10e32 10e32 10e32 10e32 10e32 10e32 10e32 10e32 10e32 10e32 -4.0270853 -4.5094576 -4.9918275 -5.4741974 -5.9554944 -6.397615 -6.8392334 -7.296625 -7.7540174 -8.193996 -8.605843 -9.029713 -9.459639 -9.887966 -10.290461 -10.692955 -11.09545 -11.497945 -11.903776 -12.322538 -12.741301 -13.160063 -13.578824 -13.932715 -14.271785 -14.610854 -14.959386 -15.322682 -15.702528 -16.080862 -16.453123 -16.825384 -17.194965 -17.510193 -17.82542 -18.140646 -18.435316 -18.727352 -19.019388 -19.311424 -19.60346 -19.899632 -20.196072 -20.495077 -20.811857 -21.138777 -21.465698 -21.792618 -22.11954 -22.446459 -22.769825 -23.085403 -23.40915 -23.735598 -24.062048 -24.388496 -24.700846 -24.999357
10e32 10e32 10e32 10e32 10e32 10e32 10e32 10e32 10e32 10e32 10e32 10e32 10e32 10e32 10e32 10e32 10e32 10e32 10e32 10e32 10e32 -6.051037 -6.53254 -7.0134544 -7.4832616 -7.940654 -8.398046 -8.855437 -9.2883625 -9.70021 -10.112057 -10.530574 -10.954898 -11.357392 -11.760886 -12.192206 -12.623527 -13.039703 -13.430753 -13.844986 -14.263748 -14.68251 -15.034133 -15.373202 -15.712271 -16.05301 -16.420965 -16.80081 -17.17977 -17.55203 -17.924292 -18.257715 -18.57294 -18.888168 -19.203396 -19.508226 -19.800262 -20.09322 -20.38966 -20.686102 -20.982542 -21.27907 -21.578983 -21.878897 -22.203304 -22.530226 -22.857145 -23.184065 -23.510986 -23.827225 -24.142805 -24.461708 -24.788157 -25.114607 -25.426857 -25.733494 -26.035992
10e32 10e32 10e32 10e32 10e32 10e32 10e32 10e32 10e32 10e32 10e32 10e32 10e32 10e32 10e32 10e32 10e32 10e32 10e32 10e32 10e32 10e32 -7.6124096 -8.089875 -8.566626 -9.042074 -9.499466 -9.956858 -10.38273 -10.794577 -11.206423 -11.61827 -12.04681 -12.47813 -12.90945 -13.34077 -13.77209 -14.18174 -14.572789 -14.963838 -15.367434 -15.786196 -16.13555 -16.474619 -16.824308 -17.17496 -17.525608 -17.899094 -18.278677 -18.650938 -19.005236 -19.320463 -19.63569 -19.950916 -20.266144 -20.583288 -20.87969 -21.17613 -21.47257 -21.769012 -22.065453 -22.362976 -22.66289 -22.962803 -23.267832 -23.594753 -23.921673 -24.248592 -24.569048 -24.884626 -25.200205 -25.515785 -25.840717 -26.15287 -26.459507 -26.766144 -27.072624
10e32 10e32 10e32 10e32 10e32 10e32 10e32 10e32 10e32 10e32 10e32 10e32 10e32 10e32 10e32 10e32 10e32 10e32 10e32 10e32 10e32 10e32 10e32 -9.166291 -9.643045 -10.119798 -10.596547 -11.058278 -11.477097 -11.896596 -12.331815 -12.767034 -13.197683 -13.626694 -14.058014 -14.489333 -14.920653 -15.323776 -15.714825 -16.105873 -16.496923 -16.889881 -17.244959 -17.595608 -17.946259 -18.296907 -18.647556 -18.998207 -19.377222 -19.749846 -20.067986 -20.383211 -20.69957 -21.021702 -21.343832 -21.665964 -21.962763 -22.25904 -22.555481 -22.851921 -23.148363 -23.446882 -23.746796 -24.04671 -24.346622 -24.65928 -24.9862 -25.31087 -25.626448 -25.942028 -26.257607 -26.573063 -26.88069 -27.18552 -27.492157 -27.798792 -28.105429
10e32 10e32 10e32 10e32 10e32 10e32 10e32 10e32 10e32 10e32 10e32 10e32 10e32 10e32 10e32 10e32 10e32 10e32 10e32 10e32 10e32 10e32 10e32 10e32 -10.71945 -11.203751 -11.695589 -12.177187 -12.614656 -13.049876 -13.485095 -13.920314 -14.3492155 -14.776743 -15.206577 -15.6378975 -16.069218 -16.465813 -16.856861 -17.24791 -17.640446 -18.0313 -18.378193 -18.725988 -19.073786 -19.421581 -19.769506 -20.120155 -20.475504 -20.815506 -21.136168 -21.458298 -21.78043 -22.10256 -22.424692 -22.746822 -23.046003 -23.34224 -23.638475 -23.934832 -24.231274 -24.530788 -24.830702 -25.130615 -25.430529 -25.730442 -26.050728 -26.36827 -26.683712 -26.99852 -27.313328 -27.628126 -27.935625 -28.23644 -28.537237 -28.838024 -29.138811
10e32 10e32 10e32 10e32 10e32 10e32 10e32 10e32 10e32 10e32 10e32 10e32 10e32 10e32 10e32 10e32 10e32 10e32 10e32 10e32 10e32 10e32 10e32 10e32 10e32 10e32 -12.879683 -13.325614 -13.767938 -14.2031555 -14.638374 -15.07325 -15.500749 -15.928264 -16.355803 -16.78646 -17.216799 -17.60785 -17.998898 -18.395346 -18.795406 -19.169813 -19.515896 -19.863691 -20.211489 -20.559284 -20.90708 -21.254875 -21.596615 -21.899132 -22.217028 -22.539158 -22.86129 -23.18342 -23.505552 -23.827682 -24.129244 -24.425478 -24.721714 -25.01795 -25.315252 -25.615335 -25.915417 -26.2155 -26.515583 -26.815664 -27.11666 -27.423975 -27.738783 -28.05359 -28.368399 -28.683176 -28.990553 -29.291368 -29.592184 -29.893 -30.192074
10e32 10e32 10e32 10e32 10e32 10e32 10e32 10e32 10e32 10e32 10e32 10e32 10e32 10e32 10e32 10e32 10e32 10e32 10e32 10e32 10e32 10e32 10e32 10e32 10e32 10e32 10e32 -14.47404 -14.918864 -15.356437 -15.791655 -16.224783 -16.65228 -17.079784 -17.507324 -17.935024 -18.358835 -18.750183 -19.150248 -19.55031 -19.950342 -20.308327 -20.654224 -21.001394 -21.349192 -21.696987 -22.044783 -22.385002 -22.721014 -23.027065 -23.320507 -23.620003 -23.942148 -24.26428 -24.58641 -24.908543 -25.212482 -25.508718 -25.804955 -26.102669 -26.40355 -26.703875 -27.003958 -27.30404 -27.604122 -27.906477 -28.212042 -28.50745 -28.802856 -29.108664 -29.423456 -29.738224 10e32 10e32 10e32 10e32 10e32
10e32 10e32 10e32 10e32 10e32 10e32 10e32 10e32 10e32 10e32 10e32 10e32 10e32 10e32 10e32 10e32 10e32 10e32 10e32 10e32 10e32 10e32 10e32 10e32 10e32 10e32 10e32 10e32 10e32 10e32 10e32 -17.376314 -17.803814 -18.231314 -18.658846 -19.086384 -19.505083 -19.905148 -20.305212 -20.70526 -21.100954 -21.44684 -21.792738 -22.139097 -22.486895 -22.83469 -23.17339 -23.509401 -23.845415 -24.154999 -24.44844 -24.74188 -25.03532 -25.345133 -25.66727 -25.9894 -26.295723 -26.591957 -26.890003 -27.190884 -27.491764 -27.792416 -28.092499 -28.39258 -28.693687 -29.000614 -29.307425 10e32 10e32 10e32 10e32 10e32 10e32 10e32 10e32 10e32 10e32
10e32 10e32 10e32 10e32 10e32 10e32 10e32 10e32 10e32 10e32 10e32 10e32 10e32 10e32 10e32 10e32 10e32 10e32 10e32 10e32 10e32 10e32 10e32 10e32 10e32 10e32 10e32 10e32 10e32 10e32 10e32 10e32 10e32 10e32 -19.816114 -20.250526 -20.66401 -21.060112 -21.460176 -21.860197 -22.239475 -22.585356 -22.931253 -23.277151 -23.624598 -23.961777 -24.297789 -24.6338 -24.969814 -25.282932 -25.576372 -25.869814 -26.163254 -26.456694 -26.750134 -27.070261 -27.378965 -27.677336 -27.978216 10e32 10e32 10e32 10e32 10e32 10e32 10e32 10e32 10e32 10e32 10e32 10e32 10e32 10e32 10e32 10e32 10e32 10e32
10e32 10e32 10e32 10e32 10e32 10e32 10e32 10e32 10e32 10e32 10e32 10e32 10e32 10e32 10e32 10e32 10e32 10e32 10e32 10e32 10e32 10e32 10e32 10e32 10e32 10e32 10e32 10e32 10e32 10e32 10e32 10e32 10e32 10e32 10e32 10e32 10e32 10e32 -22.615114 -23.015133 -23.377995 -23.723871 -24.069769 -24.418236 -24.75229 -25.08617 -25.422184 -25.758198 -26.094215 10e32 10e32 10e32 10e32 10e32 10e32 10e32 10e32 10e32 10e32 10e32 10e32 10e32 10e32 10e32 10e32 10e32 10e32 10e32 10e32 10e32 10e32 10e32 10e32 10e32 10e32 10e32 10e32
10e32 10e32 10e32 10e32 10e32 10e32 10e32 10e32 10e32 10e32 10e32 10e32 10e32 10e32 10e32 10e32 10e32 10e32 10e32 10e32 10e32 10e32 10e32 10e32 10e32 10e32 10e32 10e32 10e32 10e32 10e32 10e32 10e32 10e32 10e32 10e32 10e32 10e32 10e32 10e32 10e32 10e32 10e32 10e32 10e32 10e32 10e32 10e32 10e32 10e32 10e32 10e32 10e32 10e32 10e32 10e32 10e32 10e32 10e32 10e32 10e32 10e32 10e32 10e32 10e32 10e32 10e32 10e32 10e32 10e32 10e32 10e32 10e32 10e32 10e32 10e32 10e32
10e32 10e32 10e32 10e32 10e32 10e32 10e32 10e32 10e32 10e32 10e32 10e32 10e32 10e32 10e32 10e32 10e32 10e32 10e32 10e32 10e32 10e32 10e32 10e32 10e32 10e32 10e32 10e32 10e32 10e32 10e32 10e32 10e32 10e32 10e32 10e32 10e32 10e32 10e32 10e32 10e32 10e32 10e32 10e32 10e32 10e32 10e32 10e32 10e32 10e32 10e32 10e32 10e32 10e32 10e32 10e32 10e32 10e32 10e32 10e32 10e32 10e32 10e32 10e32 10e32 10e32 10e32 10e32 10e32 10e32 10e32 10e32 10e32 10e32 10e32 10e32 10e32
10e32 10e32 10e32 10e32 10e32 10e32 10e32 10e32 10e32 10e32 10e32 10e32 10e32 10e32 10e32 10e32 10e32 10e32 10e32 10e32 10e32 10e32 10e32 10e32 10e32 10e32 10e32 10e32 10e32 10e32 10e32 10e32 10e32 10e32 10e32 10e32 10e32 10e32 10e32 10e32 10e32 10e32 10e32 10e32 10e32 10e32 10e32 10e32 10e32 10e32 10e32 10e32 10e32 10e32 10e32 10e32 10e32 10e32 10e32 10e32 10e32 10e32 10e32 10e32 10e32 10e32 10e32 10e32 10e32 10e32 10e32 10e32 10e32 10e32 10e32 10e32 10e32
10e32 10e32 10e32 10e32 10e32 10e32 10e32 10e32 10e32 10e32 10e32 10e32 10e32 10e32 10e32 10e32 10e32 10e32 10e32 10e32 10e32 10e32 10e32 10e32 10e32 10e32 10e32 10e32 10e32 10e32 10e32 10e32 10e32 10e32 10e32 10e32 10e32 10e32 10e32 10e32 10e32 10e32 10e32 10e32 10e32 10e32 10e32 10e32 10e32 10e32 10e32 10e32 10e32 10e32 10e32 10e32 10e32 10e32 10e32 10e32 10e32 10e32 10e32 10e32 10e32 10e32 10e32 10e32 10e32 10e32 10e32 10e32 10e32 10e32 10e32 10e32 10e32
10e32 10e32 10e32 10e32 10e32 10e32 10e32 10e32 10e32 10e32 10e32 10e32 10e32 10e32 10e32 10e32 10e32 10e32 10e32 10e32 10e32 10e32 10e32 10e32 10e32 10e32 10e32 10e32 10e32 10e32 10e32 10e32 10e32 10e32 10e32 10e32 10e32 10e32 10e32 10e32 10e32 10e32 10e32 10e32 10e32 10e32 10e32 10e32 10e32 10e32 10e32 10e32 10e32 10e32 10e32 10e32 10e32 10e32 10e32 10e32 10e32 10e32 10e32 10e32 10e32 10e32 10e32 10e32 10e32 10e32 10e32 10e32 10e32 10e32 10e32 10e32 10e32
10e32 10e32 10e32 10e32 10e32 10e32 10e32 10e32 10e32 10e32 10e32 10e32 10e32 10e32 10e32 10e32 10e32 10e32 10e32 10e32 10e32 10e32 10e32 10e32 10e32 10e32 10e32 10e32 10e32 10e32 10e32 10e32 10e32 10e32 10e32 10e32 10e32 10e32 10e32 10e32 10e32 10e32 10e32 10e32 10e32 10e32 10e32 10e32 10e32 10e32 10e32 10e32 10e32 10e32 10e32 10e32 10e32 10e32 10e32 10e32 10e32 10e32 10e32 10e32 10e32 10e32 10e32 10e32 10e32 10e32 10e32 10e32 10e32 10e32 10e32 10e32 10e32
10e32 10e32 10e32 10e32 10e32 10e32 10e32 10e32 10e32 10e32 10e32 10e32 10e32 10e32 10e32 10e32 10e32 10e32 10e32 10e32 10e32 10e32 10e32 10e32 10e32 10e32 10e32 10e32 10e32 10e32 10e32 10e32 10e32 10e32 10e32 10e32 10e32 10e32 10e32 10e32 10e32 10e32 10e32 10e32 10e32 10e32 10e32 10e32 10e32 10e32 10e32 10e32 10e32 10e32 10e32 10e32 10e32 10e32 10e32 10e32 10e32 10e32 10e32 10e32 10e32 10e32 10e32 10e32 10e32 10e32 10e32 10e32 10e32 10e32 10e32 10e32 10e32
10e32 10e32 10e32 10e32 10e32 10e32 10e32 10e32 10e32 10e32 10e32 10e32 10e32 10e32 10e32 10e32 10e32 10e32 10e32 10e32 10e32 10e32 10e32 10e32 10e32 10e32 10e32 10e32 10e32 10e32 10e32 10e32 10e32 10e32 10e32 10e32 10e32 10e32 10e32 10e32 10e32 10e32 10e32 10e32 10e32 10e32 10e32 10e32 10e32 10e32 10e32 10e32 10e32 10e32 10e32 10e32 10e32 10e32 10e32 10e32 10e32 10e32 10e32 10e32 10e32 10e32 10e32 10e32 10e32 10e32 10e32 10e32 10e32 10e32 10e32 10e32 10e32
