test/UKGEOS_Glasgow/EXPORTS/ASCII(5mCell)/MineWorkings/Probable/Workings_Probable_KiltongueCoall_50m_GGERFS_Predrill(5m).asc
ncols 161
nrows 103
xllcenter 260550.03
yllcenter 664485.7
cellsize 5.0
nodata_value 10e32
[rows 27 to 53 of 103, columns 60 to 119 of 161]
-16.517113 -16.893682 -17.270252 -17.625097 -17.999823 -18.412148 -18.824474 -19.236801 -19.649126 -20.061453 -20.473778 -20.886105 -21.298431 -21.710758 -22.123087 -22.535418 -22.915127 -23.196232 -23.474798 -23.753363 -24.026146 -24.285236 -24.544327 -24.803417 -25.062508 -25.321598 -25.580688 -25.839699 -26.097334 -26.354967 -26.62273 -26.929314 -27.2354 -27.541485 -27.837116 -28.129341 -28.421564 -28.713787 -29.006012 -29.298235 -29.590458 -29.881927 -30.17087 -30.459812 -30.822363 -31.174616 -31.526705 -31.860563 -32.19392 -32.525467 -32.857018 -33.188564 -33.520107 -33.851654 -34.183197 -34.51474 -34.846283 -35.17783 -35.528473 -35.889442
-17.199402 -17.575972 -17.95013 -18.330875 -18.753311 -19.165955 -19.578281 -19.990606 -20.402933 -20.81526 -21.227585 -21.639912 -22.052237 -22.464563 -22.87689 -23.28922 -23.675825 -23.964838 -24.248827 -24.517971 -24.777061 -25.035574 -25.293207 -25.55084 -25.808474 -26.066109 -26.323742 -26.581375 -26.839008 -27.096642 -27.365631 -27.67276 -27.979847 -28.285933 -28.580967 -28.87319 -29.165415 -29.456247 -29.745188 -30.03413 -30.323072 -30.612015 -30.900957 -31.19327 -31.57631 -31.943268 -32.30094 -32.661087 -33.015114 -33.34666 -33.67821 -34.00976 -34.34131 -34.67286 -35.004402 -35.33595 -35.667492 -35.999035 -36.356697 -36.717667
-17.841845 -18.214241 -18.586637 -19.00061 -19.426723 -19.84916 -20.271595 -20.69403 -21.116467 -21.5389 -21.961334 -22.383768 -22.806044 -23.21837 -23.630695 -24.043022 -24.430788 -24.725536 -25.004332 -25.261972 -25.519613 -25.77725 -26.034883 -26.292517 -26.55015 -26.807783 -27.065416 -27.32305 -27.580685 -27.838318 -28.10853 -28.415659 -28.722788 -29.029055 -29.319508 -29.60845 -29.897392 -30.186335 -30.475277 -30.76422 -31.053162 -31.342102 -31.631044 -31.936749 -32.31979 -32.702827 -33.06823 -33.413082 -33.75794 -34.10279 -34.447636 -34.792484 -35.137333 -35.48218 -35.825603 -36.15715 -36.488697 -36.82395 -37.18492 -37.54254
-18.478354 -18.850748 -19.238932 -19.670282 -20.100136 -20.522572 -20.945007 -21.367443 -21.789879 -22.212315 -22.63475 -23.057186 -23.479622 -23.902058 -24.324492 -24.746925 -25.150835 -25.48834 -25.745981 -26.003622 -26.261261 -26.518902 -26.776543 -27.034184 -27.291824 -27.54946 -27.807093 -28.064726 -28.32236 -28.579992 -28.85143 -29.15856 -29.461325 -29.758049 -30.0496 -30.338541 -30.627483 -30.916424 -31.205364 -31.494307 -31.783249 -32.07219 -32.361134 -32.680225 -33.063267 -33.444256 -33.820103 -34.157623 -34.497135 -34.841988 -35.186844 -35.53169 -35.876537 -36.221386 -36.56623 -36.91108 -37.260563 -37.637634 -38.005714 -38.356625
-19.11486 -19.487255 -19.908604 -20.332577 -20.751408 -21.173855 -21.596642 -22.01943 -22.442217 -22.865004 -23.28779 -23.710577 -24.133364 -24.55615 -24.97894 -25.404268 -25.779205 -26.132452 -26.435728 -26.69995 -26.964169 -27.228388 -27.492607 -27.756824 -28.021044 -28.285263 -28.548754 -28.806395 -29.064034 -29.321669 -29.59433 -29.893595 -30.19032 -30.487043 -30.779696 -31.068636 -31.357576 -31.646517 -31.93546 -32.2244 -32.51334 -32.80228 -33.09122 -33.422115 -33.80269 -34.18326 -34.56355 -34.92782 -35.265446 -35.594055 -35.92604 -36.270893 -36.61574 -36.96059 -37.309372 -37.670597 -38.031822 -38.4178 -38.82578 -39.194817
-19.743843 -20.129196 -20.548027 -20.966858 -21.385687 -21.807634 -22.230423 -22.65321 -23.075996 -23.498783 -23.92157 -24.344357 -24.767143 -25.189932 -25.619371 -26.03595 -26.396338 -26.75672 -27.115042 -27.381767 -27.64599 -27.91021 -28.174429 -28.438646 -28.702866 -28.967085 -29.231304 -29.495522 -29.75974 -30.02396 -30.316946 -30.62259 -30.919313 -31.21604 -31.509789 -31.798729 -32.08767 -32.37661 -32.66555 -32.954494 -33.243435 -33.53431 -33.825993 -34.16112 -34.541695 -34.922268 -35.302845 -35.671265 -36.035534 -36.373264 -36.701874 -37.030483 -37.359097 -37.719406 -38.08063 -38.441856 -38.80308 -39.197964 -39.605946 -40.013927
-20.37084 -20.763472 -21.182306 -21.601137 -22.019966 -22.441416 -22.864202 -23.28699 -23.709776 -24.132563 -24.55535 -24.978136 -25.402441 -25.834473 -26.266506 -26.653082 -27.01347 -27.373852 -27.734234 -28.064133 -28.327805 -28.592028 -28.85625 -29.120468 -29.384687 -29.648907 -29.913126 -30.177343 -30.441563 -30.705782 -31.01808 -31.338099 -31.648308 -31.945034 -32.239883 -32.528824 -32.817764 -33.106705 -33.395645 -33.68662 -33.978302 -34.26999 -34.561672 -34.900124 -35.280697 -35.661274 -36.04185 -36.414707 -36.77898 -37.14325 -37.481083 -37.809692 -38.138306 -38.490665 -38.85189 -39.213116 -39.57434 -39.97813 -40.386112 -40.79409
-20.997835 -21.397747 -21.816584 -22.235416 -22.654245 -23.075195 -23.497982 -23.920769 -24.343555 -24.766342 -25.189129 -25.617542 -26.049576 -26.481607 -26.909817 -27.270214 -27.630602 -27.990984 -28.354706 -28.730354 -29.010998 -29.2746 -29.538198 -29.802288 -30.06651 -30.330729 -30.594948 -30.859167 -31.123384 -31.399195 -31.719213 -32.03923 -32.359253 -32.674026 -32.969975 -33.25892 -33.54786 -33.838932 -34.130615 -34.4223 -34.713985 -35.00567 -35.29735 -35.63913 -36.019703 -36.40028 -36.780857 -37.158154 -37.522423 -37.886696 -38.250965 -38.5889 -38.917515 -39.261948 -39.62315 -39.984375 -40.350315 -40.758297 -41.166275 -41.574257
-21.62483 -22.032022 -22.45086 -22.869696 -23.288527 -23.708975 -24.131762 -24.554548 -24.977335 -25.400612 -25.832645 -26.264677 -26.69671 -27.128742 -27.526949 -27.887346 -28.247734 -28.608116 -28.9754 -29.351048 -29.694262 -29.957863 -30.221462 -30.485064 -30.748663 -31.012548 -31.27677 -31.540989 -31.805206 -32.100327 -32.420345 -32.740364 -33.060383 -33.3804 -33.69975 -33.99124 -34.28293 -34.57461 -34.866295 -35.15798 -35.449665 -35.74135 -36.033035 -36.37813 -36.758705 -37.139286 -37.519863 -37.90044 -38.26587 -38.63014 -38.99441 -39.35868 -39.696724 -40.03323 -40.39443 -40.75563 -41.13048 -41.53846 -41.94644 -42.354424
-22.251825 -22.666298 -23.085135 -23.503971 -23.922806 -24.342754 -24.765541 -25.188328 -25.615715 -26.047747 -26.47978 -26.911814 -27.343845 -27.775879 -28.144081 -28.504478 -28.864866 -29.225248 -29.596096 -29.971743 -30.34739 -30.641127 -30.904726 -31.168327 -31.431929 -31.695528 -31.95913 -32.22281 -32.48703 -32.80146 -33.121365 -33.4387 -33.756042 -34.07338 -34.390717 -34.713818 -35.01861 -35.31029 -35.60198 -35.89366 -36.185345 -36.47703 -36.768715 -37.117138 -37.49771 -37.878292 -38.25887 -38.639446 -39.00931 -39.373585 -39.737854 -40.102127 -40.466396 -40.804543 -41.16571 -41.52691 -41.92681 -42.34681 -42.766804 -43.186802
-22.881739 -23.300573 -23.71941 -24.138247 -24.557083 -24.976534 -25.39932 -25.830816 -26.26285 -26.694883 -27.126915 -27.558949 -27.99098 -28.400816 -28.761213 -29.121609 -29.481997 -29.84238 -30.216791 -30.592438 -30.968084 -31.32439 -31.587992 -31.851591 -32.115192 -32.37879 -32.64239 -32.905994 -33.17606 -33.4934 -33.810738 -34.128075 -34.44541 -34.762753 -35.08009 -35.40101 -35.726566 -36.04597 -36.337658 -36.62934 -36.921024 -37.21271 -37.504395 -37.85614 -38.236717 -38.6173 -38.997875 -39.378452 -39.752758 -40.117027 -40.4813 -40.84557 -41.209843 -41.574112 -41.95683 -42.341774 -42.77181 -43.19863 -43.61862 -44.038616
-23.516014 -23.93485 -24.353685 -24.772522 -25.191359 -25.614859 -26.04592 -26.477953 -26.909985 -27.342018 -27.77405 -28.206083 -28.638115 -29.017948 -29.378345 -29.73874 -30.099129 -30.461838 -30.837484 -31.21313 -31.58878 -31.964426 -32.271255 -32.534855 -32.798454 -33.062057 -33.325657 -33.58857 -33.86543 -34.18277 -34.500107 -34.817448 -35.134785 -35.45212 -35.769463 -36.088196 -36.413754 -36.73931 -37.06487 -37.36502 -37.656708 -37.94839 -38.240074 -38.595146 -38.975723 -39.3563 -39.73688 -40.11746 -40.496998 -40.8699 -41.2428 -41.6157 -41.9886 -42.3615 -42.74161 -43.135143 -43.59586 -44.050453 -44.470448 -44.89044
-24.15029 -24.569126 -24.993195 -25.418169 -25.843142 -26.268116 -26.693089 -27.125088 -27.55712 -27.989153 -28.421185 -28.853218 -29.274685 -29.63508 -29.995478 -30.355873 -30.71626 -31.082533 -31.45818 -31.833826 -32.209473 -32.58512 -32.954517 -33.21812 -33.48172 -33.74532 -34.008713 -34.26994 -34.5548 -34.87214 -35.189476 -35.506817 -35.824158 -36.141495 -36.45883 -36.776173 -37.100945 -37.426502 -37.75206 -38.077618 -38.392387 -38.68407 -38.975758 -39.334152 -39.71473 -40.095306 -40.479126 -40.877472 -41.275814 -41.657795 -42.030693 -42.403595 -42.776497 -43.149395 -43.522293 -43.914764 -44.380096 -44.853283 -45.307316 -45.72523
-24.782242 -25.221478 -25.646452 -26.071424 -26.496399 -26.921371 -27.346344 -27.772223 -28.204254 -28.636288 -29.06832 -29.500353 -29.891815 -30.252213 -30.612608 -30.973005 -31.333393 -31.703226 -32.078873 -32.45452 -32.83017 -33.205814 -33.581463 -33.901382 -34.164986 -34.428585 -34.690083 -34.951305 -35.244167 -35.56151 -35.87885 -36.196186 -36.513527 -36.830868 -37.148205 -37.46554 -37.78813 -38.11369 -38.439247 -38.764805 -39.090363 -39.41592 -39.711437 -40.07316 -40.45837 -40.856716 -41.25506 -41.653404 -42.05175 -42.44569 -42.81859 -43.19149 -43.56439 -43.93729 -44.31019 -44.69608 -45.166744 -45.64571 -46.124672 -46.55911
-25.348328 -25.826237 -26.29971 -26.724682 -27.149654 -27.574627 -27.999601 -28.424574 -28.851389 -29.283422 -29.715456 -30.147488 -30.508947 -30.869345 -31.22974 -31.590137 -31.950525 -32.32392 -32.69957 -33.075214 -33.450863 -33.82651 -34.202156 -34.577805 -34.848248 -35.110226 -35.37145 -35.63267 -35.933537 -36.250877 -36.56822 -36.885555 -37.202896 -37.520237 -37.837574 -38.154915 -38.475323 -38.80088 -39.12644 -39.451996 -39.777554 -40.104576 -40.432026 -40.83596 -41.234303 -41.63265 -42.030994 -42.42934 -42.827686 -43.22603 -43.606483 -43.979385 -44.352283 -44.725185 -45.098083 -45.480316 -45.95917 -46.438133 -46.9171 -47.392982
-25.912605 -26.392483 -26.87023 -27.347977 -27.802914 -28.227884 -28.652857 -29.077831 -29.502804 -29.930557 -30.36259 -30.765684 -31.12608 -31.486477 -31.846872 -32.207268 -32.56897 -32.944614 -33.320263 -33.69591 -34.071556 -34.447205 -34.82285 -35.198498 -35.528362 -35.79159 -36.052814 -36.314037 -36.622906 -36.940247 -37.257587 -37.574986 -37.893723 -38.21246 -38.531197 -38.849934 -39.16924 -39.49669 -39.82414 -40.15159 -40.47904 -40.806484 -41.173935 -41.588234 -42.002533 -42.408585 -42.80693 -43.205273 -43.60362 -44.001965 -44.39438 -44.76728 -45.14018 -45.513077 -45.885975 -46.288773 -46.751595 -47.23056 -47.709522 -48.188484
-26.476881 -26.958729 -27.436476 -27.914225 -28.391972 -28.869719 -29.306116 -29.731089 -30.156061 -30.581034 -31.009726 -31.382816 -31.743212 -32.103607 -32.464005 -32.8244 -33.189663 -33.56531 -33.940956 -34.316605 -34.692253 -35.08688 -35.484188 -35.827633 -36.12752 -36.39847 -36.669426 -36.976444 -37.32386 -37.642597 -37.961334 -38.28007 -38.59881 -38.917545 -39.236282 -39.55502 -39.873753 -40.198597 -40.526047 -40.853497 -41.180946 -41.508396 -41.920574 -42.334873 -42.749172 -43.163467 -43.577766 -43.98121 -44.379555 -44.7779 -45.176247 -45.555176 -45.928074 -46.300972 -46.687355 -47.102238 -47.558933 -48.022984 -48.50195 -48.98091
-27.041159 -27.524359 -28.002724 -28.48047 -28.958218 -29.435965 -29.913712 -30.38435 -30.80932 -31.230946 -31.64677 -32.00303 -32.361416 -32.72074 -33.081135 -33.441532 -33.81036 -34.187992 -34.5853 -34.982605 -35.379913 -35.77722 -36.110947 -36.420773 -36.726677 -36.99763 -37.286602 -37.64387 -38.00114 -38.347683 -38.666416 -38.985153 -39.30389 -39.622627 -39.941364 -40.2601 -40.57884 -40.90051 -41.227955 -41.555405 -41.882854 -42.25292 -42.667213 -43.081512 -43.495808 -43.910107 -44.324406 -44.7387 -45.153 -45.553833 -45.95218 -46.343067 -46.71597 -47.092373 -47.498768 -47.9157 -48.3724 -48.829098 -49.294373 -49.77334
-27.605436 -28.088636 -28.56897 -29.046717 -29.524466 -30.002214 -30.479963 -30.957712 -31.42793 -31.864891 -32.275158 -32.63164 -32.99003 -33.348415 -33.706802 -34.083714 -34.481026 -34.878334 -35.27564 -35.672947 -36.07025 -36.39426 -36.704082 -37.01392 -37.323765 -37.596786 -37.954033 -38.311302 -38.668568 -39.025837 -39.371506 -39.69024 -40.008976 -40.327713 -40.64645 -40.965187 -41.283924 -41.60266 -41.929867 -42.257313 -42.58526 -42.999554 -43.413853 -43.82815 -44.242447 -44.656746 -45.071045 -45.48534 -45.89964 -46.31394 -46.728115 -47.12646 -47.503864 -47.90379 -48.310184 -48.72916 -49.18586 -49.64256 -50.09926 -50.56576
-28.166147 -28.62389 -29.097569 -29.588549 -30.07953 -30.56847 -31.046219 -31.523968 -31.999605 -32.45592 -32.8662 -33.265175 -33.61864 -33.979424 -34.376736 -34.774048 -35.17136 -35.568672 -35.96598 -36.363285 -36.677574 -36.987396 -37.297222 -37.607063 -37.91691 -38.264194 -38.62146 -38.97873 -39.336 -39.693264 -40.050533 -40.39533 -40.71406 -41.0328 -41.351536 -41.670273 -41.98901 -42.307747 -42.631775 -42.959225 -43.331898 -43.746193 -44.160492 -44.57479 -44.989086 -45.403385 -45.81768 -46.23198 -46.64628 -47.060574 -47.474873 -47.88917 -48.308807 -48.715202 -49.121597 -49.542625 -49.999325 -50.456024 -50.912724 -51.36942
-28.681784 -29.139526 -29.613243 -30.104223 -30.595203 -31.086184 -31.577166 -32.068146 -32.558506 -32.989075 -33.41193 -33.83479 -34.255833 -34.65303 -35.050224 -35.44742 -35.844616 -36.24181 -36.639004 -36.960888 -37.27071 -37.580536 -37.890366 -38.200207 -38.554684 -38.9205 -39.281208 -39.641914 -40.00262 -40.360695 -40.71796 -41.07523 -41.41915 -41.737885 -42.05662 -42.37536 -42.69409 -43.01283 -43.333683 -43.664238 -44.078537 -44.492832 -44.90713 -45.321426 -45.735725 -46.150024 -46.56432 -46.97862 -47.392918 -47.807217 -48.221516 -48.660374 -49.10344 -49.526615 -49.93301 -50.356087 -50.812786 -51.269485 -51.726185 -52.182884
-29.19742 -29.655163 -30.128916 -30.619898 -31.110878 -31.601858 -32.09284 -32.578423 -33.06208 -33.485542 -33.9084 -34.33128 -34.75426 -35.20382 -35.61668 -36.013874 -36.411068 -36.808266 -37.20546 -37.554024 -37.86385 -38.17367 -38.48351 -38.812225 -39.21107 -39.574066 -39.934772 -40.295475 -40.65618 -41.016888 -41.377598 -41.738304 -42.09901 -42.442974 -42.761707 -43.080444 -43.399178 -43.717915 -44.03665 -44.410877 -44.825172 -45.23947 -45.65377 -46.06807 -46.48237 -46.896667 -47.310963 -47.72526 -48.13956 -48.557392 -49.00046 -49.44353 -49.8866 -50.32967 -50.744427 -51.16955 -51.62625 -52.08295 -52.539646 -52.996346
-29.713057 -30.1708 -30.64459 -31.13557 -31.62655 -32.114677 -32.598335 -33.081993 -33.559155 -33.982014 -34.40487 -34.82783 -35.250813 -35.68561 -36.138767 -36.58033 -36.977524 -37.374718 -37.771915 -38.147163 -38.456985 -38.766808 -39.076653 -39.468613 -39.866924 -40.22763 -40.588333 -40.94904 -41.309746 -41.67045 -42.031155 -42.391865 -42.75257 -43.113277 -43.453323 -43.77281 -44.092297 -44.411785 -44.73386 -45.154354 -45.571815 -45.986115 -46.400414 -46.814713 -47.22901 -47.643307 -48.057606 -48.471905 -48.89748 -49.34055 -49.78362 -50.22669 -50.669758 -51.112827 -51.55584 -51.983013 -52.439713 -52.89641 -53.35311 -53.80981
-30.228695 -30.686438 -31.160263 -31.650934 -32.13459 -32.618248 -33.101906 -33.585564 -34.055626 -34.47848 -34.9014 -35.32438 -35.74736 -36.17034 -36.620564 -37.07372 -37.526875 -37.941174 -38.33837 -38.735565 -39.05012 -39.359955 -39.72616 -40.125 -40.52049 -40.88119 -41.241898 -41.602604 -41.963306 -42.324013 -42.68472 -43.045425 -43.406128 -43.766838 -44.127544 -44.46153 -44.781013 -45.100502 -45.461853 -45.889095 -46.309193 -46.729286 -47.147057 -47.561356 -47.97565 -48.38995 -48.80425 -49.237568 -49.680637 -50.123707 -50.566776 -51.009846 -51.452915 -51.896835 -52.353794 -52.82626 -53.292652 -53.75905 -54.22544 -54.691833
-30.74179 -31.200798 -31.670847 -32.154507 -32.638165 -33.121822 -33.60548 -34.089138 -34.552094 -34.974976 -35.39795 -35.82093 -36.24391 -36.666893 -37.102356 -37.55551 -38.008667 -38.461823 -38.904823 -39.30202 -39.64326 -39.983704 -40.382545 -40.78139 -41.17405 -41.534756 -41.895462 -42.25617 -42.61687 -42.977577 -43.338284 -43.698986 -44.059692 -44.4204 -44.781105 -45.14181 -45.469734 -45.78922 -46.189846 -46.619656 -47.043934 -47.464027 -47.884125 -48.30422 -48.722294 -49.136593 -49.577656 -50.020725 -50.47707 -50.93403 -51.390984 -51.847942 -52.3049 -52.76186 -53.218815 -53.71007 -54.198944 -54.665337 -55.131733 -55.598125
-31.252522 -31.711529 -32.17442 -32.658077 -33.141735 -33.625393 -34.10905 -34.592712 -35.048565 -35.47152 -35.894497 -36.31748 -36.74046 -37.16344 -37.586422 -38.037304 -38.49046 -38.943615 -39.39677 -39.849926 -40.241245 -40.64009 -41.038933 -41.43778 -41.827614 -42.18832 -42.549026 -42.90973 -43.270435 -43.63114 -43.991844 -44.35255 -44.713257 -45.073963 -45.434666 -45.795372 -46.15608 -46.51264 -46.91784 -47.345764 -47.778675 -48.19877 -48.618866 -49.03896 -49.48081 -49.951977 -50.42314 -50.885136 -51.342094 -51.79905 -52.25601 -52.712967 -53.169926 -53.62688 -54.084843 -54.586487 -55.08813 -55.57163 -56.03802 -56.504417
-31.763252 -32.22226 -32.68127 -33.161648 -33.645306 -34.128963 -34.612625 -35.096283 -35.545094 -35.968067 -36.39105 -36.81403 -37.23701 -37.659992 -38.082973 -38.529694 -39.00415 -39.478607 -39.953064 -40.42752 -40.90197 -41.30181 -41.69989 -42.09797 -42.47731 -42.83784 -43.19837 -43.558907 -43.919437 -44.27997 -44.640503 -45.001034 -45.361565 -45.7221 -46.08263 -46.443165 -46.818333 -47.261395 -47.670013 -48.07963 -48.513416 -48.93351 -49.358208 -49.82938 -50.300556 -50.77173 -51.242893 -51.714058 -52.185223 -52.656387 -53.121033 -53.57799 -54.034946 -54.491905 -54.961258 -55.462902 -55.964546 -56.46619 -56.944313 -57.4157
