test/UKGEOS_Glasgow/EXPORTS/ASCII(5mCell)/MineWorkings/Probable/Workings_Probable_KiltongueCoall_50m_GGERFS_Predrill(5m).asc
ncols 161
nrows 103
xllcenter 260550.03
yllcenter 664485.7
cellsize 5.0
nodata_value 10e32
[rows 0 to 26 of 103, columns 60 to 119 of 161]
10e32 10e32 10e32 10e32 10e32 10e32 10e32 10e32 10e32 10e32 10e32 10e32 10e32 10e32 10e32 10e32 10e32 10e32 10e32 10e32 10e32 10e32 10e32 10e32 10e32 10e32 10e32 10e32 10e32 10e32 10e32 10e32 10e32 10e32 10e32 10e32 10e32 10e32 10e32 10e32 10e32 10e32 10e32 10e32 10e32 -10.403392 -10.69942 -10.975262 -11.251103 -11.526798 -11.802492 -12.078185 -12.35634 -12.636274 -12.916207 -13.196141 -13.476075 -13.756009 -14.035943 -14.315877
1.3629122 1.0536357 0.7443592 0.45380533 0.16444725 -0.12491083 -0.4142689 -0.7036324 -0.9929962 -1.2823601 -1.571725 -1.8847928 -2.2093966 -2.5153458 -2.799799 -3.0818703 -3.360148 -3.63219 -3.892999 -4.153808 -4.414617 -4.675426 -4.936235 -5.197044 -5.457853 -5.718662 -5.9794707 -6.241032 -6.5175076 -6.782539 -7.0551734 -7.3290634 -7.5990834 -7.8674417 -8.135799 -8.404158 -8.672516 -8.940874 -9.209232 -9.47759 -9.745948 -10.014306 -10.282664 -10.566007 -10.857381 -11.153158 -11.460642 -11.747521 -12.023229 -12.298936 -12.574633 -12.850326 -13.1260195 -13.40571 -13.685644 -13.965578 -14.245512 -14.525446 -14.80538 -15.086012
0.68346965 0.37345386 0.064177364 -0.22651942 -0.5158775 -0.80523556 -1.0945964 -1.3839601 -1.673324 -1.9626898 -2.2699974 -2.5946004 -2.9192166 -3.2391768 -3.52363 -3.8036003 -4.0818806 -4.3601575 -4.627817 -4.888626 -5.149435 -5.410244 -5.671053 -5.931862 -6.192671 -6.45348 -6.7142887 -6.9846263 -7.256202 -7.522912 -7.796813 -8.070701 -8.344588 -8.613252 -8.88161 -9.149968 -9.418326 -9.686685 -9.955042 -10.2234 -10.491758 -10.760117 -11.033949 -11.325309 -11.616693 -11.911534 -12.215237 -12.519663 -12.795358 -13.07106 -13.346767 -13.622466 -13.89816 -14.175146 -14.45508 -14.735014 -15.014948 -15.294882 -15.574816 -15.857371
0.0043587815 -0.30672795 -0.61600447 -0.9068442 -1.1962023 -1.4855603 -1.774924 -2.064288 -2.3536546 -2.6552022 -2.9798045 -3.3044205 -3.6290364 -3.9536524 -4.2470503 -4.5253305 -4.803611 -5.081891 -5.360167 -5.623444 -5.884253 -6.145062 -6.405871 -6.66668 -6.927489 -7.1882977 -7.4517393 -7.728198 -7.993691 -8.264563 -8.53845 -8.812338 -9.086226 -9.359062 -9.62742 -9.895779 -10.164136 -10.432494 -10.700852 -10.969211 -11.237569 -11.505927 -11.793238 -12.084624 -12.377898 -12.672784 -12.96983 -13.277316 -13.567501 -13.843197 -14.118893 -14.3946 -14.6703005 -14.945993 -15.224517 -15.50445 -15.784384 -16.064318 -16.34536 -16.632164
-0.67475206 -0.98690975 -1.2961862 -1.5871689 -1.8765271 -2.165888 -2.4552517 -2.7446196 -3.0404067 -3.3650084 -3.6896243 -4.0142403 -4.338856 -4.663472 -4.96878 -5.2470603 -5.5253406 -5.8036213 -6.0819016 -6.358262 -6.619071 -6.87988 -7.140689 -7.401498 -7.662307 -7.9231157 -8.195324 -8.467334 -8.732301 -9.0062 -9.280087 -9.553976 -9.827864 -10.101751 -10.373231 -10.641588 -10.909946 -11.178305 -11.446663 -11.715021 -11.983379 -12.261177 -12.552557 -12.844261 -13.139147 -13.434032 -13.728918 -14.031912 -14.3393955 -14.61534 -14.891035 -15.166731 -15.442432 -15.718134 -15.993953 -16.273886 -16.55382 -16.833754 -17.118233 -17.414227
-1.353863 -1.6668192 -1.9763681 -2.2674937 -2.5568519 -2.8462157 -3.1355844 -3.4256113 -3.7502122 -4.074828 -4.399444 -4.72406 -5.053877 -5.3918986 -5.699893 -5.9714727 -6.247071 -6.525351 -6.8036313 -7.0819116 -7.353889 -7.614698 -7.875507 -8.136316 -8.397125 -8.662446 -8.938892 -9.204836 -9.473949 -9.747837 -10.021726 -10.295613 -10.569501 -10.843389 -11.117277 -11.387399 -11.655757 -11.924115 -12.192473 -12.460831 -12.729189 -13.020486 -13.311855 -13.605511 -13.900396 -14.195281 -14.490167 -14.7865 -15.093991 -15.387484 -15.663179 -15.938874 -16.21457 -16.490265 -16.765968 -17.043324 -17.323257 -17.604698 -17.900293 -18.196287
-2.0379019 -2.34593 -2.65655 -2.9478185 -3.2371798 -3.526549 -3.8159392 -4.135416 -4.460032 -4.784648 -5.1145806 -5.4525948 -5.7906194 -6.128645 -6.433972 -6.7055516 -6.9771314 -7.2487116 -7.5253615 -7.803642 -8.081923 -8.349516 -8.610325 -8.871134 -9.131943 -9.406019 -9.678466 -9.942327 -10.215587 -10.489475 -10.763363 -11.0372505 -11.311138 -11.585027 -11.858914 -12.132802 -12.401567 -12.669926 -12.938283 -13.206641 -13.488414 -13.779787 -14.071874 -14.366759 -14.661645 -14.956531 -15.251416 -15.546302 -15.848582 -16.15607 -16.435324 -16.711018 -16.986713 -17.26241 -17.538103 -17.813803 -18.092693 -18.386362 -18.682356 -18.97835
-2.72204 -3.0265436 -3.3367317 -3.6281435 -3.917514 -4.206904 -4.52062 -4.845236 -5.175284 -5.513298 -5.8513145 -6.18934 -6.5273657 -6.8653913 -7.1680512 -7.439631 -7.7112107 -7.9827905 -8.254371 -8.52595 -8.803652 -9.081932 -9.345143 -9.605952 -9.873145 -10.149587 -10.415968 -10.683336 -10.957225 -11.2311125 -11.505 -11.778888 -12.052776 -12.326664 -12.600552 -12.874439 -13.147378 -13.415735 -13.684093 -13.956347 -14.24772 -14.539086 -14.833123 -15.128009 -15.4228945 -15.717779 -16.012665 -16.30755 -16.603168 -16.910666 -17.207466 -17.483162 -17.758858 -18.034552 -18.310247 -18.585943 -18.876894 -19.1728 -19.468706 -19.764612
-3.406178 -3.7106817 -4.0169134 -4.308479 -4.597869 -4.9058237 -5.235987 -5.574002 -5.912016 -6.2500353 -6.588061 -6.9260864 -7.264112 -7.602137 -7.90213 -8.17371 -8.44529 -8.716869 -8.988449 -9.26003 -9.53161 -9.803662 -10.079962 -10.340771 -10.616714 -10.889598 -11.153469 -11.424974 -11.698862 -11.97275 -12.246637 -12.520526 -12.794414 -13.068301 -13.342189 -13.616077 -13.889965 -14.161546 -14.429904 -14.7156515 -15.007018 -15.299486 -15.594372 -15.889257 -16.184143 -16.479029 -16.773914 -17.0688 -17.363686 -17.665253 -17.972744 -18.255306 -18.531 -18.806696 -19.082392 -19.36697 -19.671139 -19.967047 -20.262957 -20.558863
-4.0903277 -4.3949246 -4.699522 -4.9948115 -5.296691 -5.634705 -5.972719 -6.3107333 -6.648756 -6.9867816 -7.324807 -7.6628327 -8.000858 -8.338883 -8.6362095 -8.907789 -9.179369 -9.450949 -9.722528 -9.994108 -10.265688 -10.537269 -10.808848 -11.083839 -11.360281 -11.6271 -11.895939 -12.169322 -12.442705 -12.716089 -12.989472 -13.262856 -13.536239 -13.809938 -14.083827 -14.357715 -14.631602 -14.90549 -15.183584 -15.47495 -15.766316 -16.060736 -16.355621 -16.650507 -16.945393 -17.240278 -17.535164 -17.830048 -18.124933 -18.41984 -18.727335 -19.027449 -19.303144 -19.57884 -19.854534 -20.167393 -20.465382 -20.761292 -21.0572 -21.35311
-4.7749577 -5.0795546 -5.384152 -5.708462 -6.036364 -6.371437 -6.7094517 -7.047477 -7.3855023 -7.723528 -8.061553 -8.399579 -8.737604 -9.075629 -9.370289 -9.641869 -9.913448 -10.185028 -10.456608 -10.728188 -10.999767 -11.271347 -11.543448 -11.818293 -12.099115 -12.37505 -12.648433 -12.921816 -13.195199 -13.468583 -13.741968 -14.015354 -14.288739 -14.562125 -14.835511 -15.108897 -15.382283 -15.655669 -15.942883 -16.23425 -16.5271 -16.821985 -17.11687 -17.411757 -17.70664 -18.001526 -18.296412 -18.591297 -18.886183 -19.181068 -19.481922 -19.78942 -20.075289 -20.350983 -20.646132 -20.963717 -21.259626 -21.555536 -21.851444 -22.147354
-5.457668 -5.7626595 -6.0676513 -6.411291 -6.758827 -7.1076083 -7.4461975 -7.784223 -8.122249 -8.460274 -8.7983 -9.136325 -9.474351 -9.812376 -10.104368 -10.375948 -10.647528 -10.919107 -11.190687 -11.462267 -11.733846 -12.0054245 -12.279565 -12.558917 -12.842423 -13.126316 -13.3999605 -13.673606 -13.947251 -14.220896 -14.494489 -14.767875 -15.04126 -15.314646 -15.588032 -15.861418 -16.134804 -16.40819 -16.701887 -16.993547 -17.288347 -17.583233 -17.878119 -18.173004 -18.46789 -18.762775 -19.057661 -19.352547 -19.647432 -19.942318 -20.237204 -20.544004 -20.847431 -21.12487 -21.446554 -21.757961 -22.053871 -22.34978 -22.645689 -22.941597
-6.1391883 -6.44418 -6.766236 -7.111504 -7.4590397 -7.806577 -8.165265 -8.515569 -8.8589945 -9.197021 -9.535046 -9.873072 -10.211097 -10.549122 -10.838447 -11.110026 -11.381607 -11.653187 -11.924766 -12.196344 -12.470775 -12.750981 -13.032533 -13.314085 -13.59594 -13.8763485 -14.149993 -14.423638 -14.697284 -14.970928 -15.244572 -15.518216 -15.79186 -16.065504 -16.339148 -16.612791 -16.886436 -17.165356 -17.45951 -17.754711 -18.049597 -18.344482 -18.639368 -18.934254 -19.22914 -19.524025 -19.81891 -20.113796 -20.408682 -20.703566 -20.998451 -21.298592 -21.606089 -21.925293 -22.246977 -22.552206 -22.848114 -23.144024 -23.439934 -23.735842
-6.8207088 -7.1324954 -7.465567 -7.8117166 -8.159252 -8.50679 -8.863423 -9.222292 -9.577204 -9.923529 -10.269854 -10.6098175 -10.947843 -11.285869 -11.572526 -11.844106 -12.115685 -12.391625 -12.678598 -12.963978 -13.23514 -13.514868 -13.79642 -14.077972 -14.359526 -14.64108 -14.913921 -15.184416 -15.45491 -15.725405 -15.995899 -16.268211 -16.541855 -16.815498 -17.089142 -17.362787 -17.640177 -17.933125 -18.224472 -18.524092 -18.818678 -19.113262 -19.407848 -19.702435 -19.99702 -20.291607 -20.586191 -20.880777 -21.175364 -21.46995 -21.764534 -22.075897 -22.410542 -22.738382 -23.05337 -23.352957 -23.648802 -23.944645 -24.24049 -24.536335
-7.502229 -7.8318267 -8.164898 -8.511929 -8.859465 -9.207004 -9.561582 -9.92045 -10.279319 -10.638187 -10.985164 -11.331489 -11.677814 -12.0226145 -12.312476 -12.599449 -12.886422 -13.173395 -13.451864 -13.723026 -13.997203 -14.278755 -14.5603075 -14.841862 -15.123416 -15.40497 -15.684108 -15.954602 -16.225098 -16.495592 -16.766085 -17.03658 -17.307074 -17.577568 -17.848063 -18.121439 -18.40948 -18.697517 -18.99125 -19.293203 -19.589489 -19.884073 -20.17866 -20.473246 -20.767832 -21.062416 -21.357002 -21.651588 -21.946175 -22.24076 -22.535345 -22.868843 -23.20721 -23.545578 -23.865126 -24.164484 -24.463861 -24.760956 -25.056799 -25.352644
-8.198087 -8.5311575 -8.864606 -9.212142 -9.559678 -9.907217 -10.259741 -10.618609 -10.977477 -11.336346 -11.695214 -12.046799 -12.393124 -12.742848 -13.094246 -13.381219 -13.668192 -13.939751 -14.210913 -14.482076 -14.76109 -15.042644 -15.324198 -15.605752 -15.887307 -16.168861 -16.450415 -16.724789 -16.995283 -17.265778 -17.536272 -17.806767 -18.077261 -18.347755 -18.623436 -18.911474 -19.199514 -19.487566 -19.761683 -20.06073 -20.360298 -20.654884 -20.94947 -21.244057 -21.538643 -21.833227 -22.127813 -22.4224 -22.716986 -23.01157 -23.323421 -23.661789 -24.000156 -24.338524 -24.668417 -24.974922 -25.274282 -25.573662 -25.873049 -26.168953
-8.897417 -9.230489 -9.564818 -9.912354 -10.2598915 -10.60743 -10.957899 -11.316768 -11.675636 -12.034504 -12.393373 -12.752241 -13.108434 -13.466796 -13.835302 -14.156474 -14.427637 -14.698799 -14.969961 -15.243425 -15.52498 -15.806534 -16.088089 -16.369642 -16.651197 -16.932753 -17.214306 -17.494976 -17.76547 -18.035965 -18.30646 -18.576954 -18.847448 -19.125431 -19.413471 -19.701519 -19.989573 -20.270233 -20.542463 -20.828255 -21.13021 -21.425695 -21.720282 -22.014868 -22.309452 -22.604038 -22.898624 -23.19321 -23.487797 -23.782381 -24.11637 -24.454735 -24.793102 -25.128958 -25.457716 -25.775433 -26.084719 -26.384079 -26.683462 -26.98285
-9.596748 -9.92982 -10.265031 -10.612567 -10.960105 -11.307644 -11.656057 -12.014926 -12.373795 -12.732663 -13.091532 -13.450399 -13.821378 -14.216879 -14.590919 -14.9272375 -15.197575 -15.467911 -15.738247 -16.013205 -16.291761 -16.570425 -16.851978 -17.133533 -17.415089 -17.696642 -17.978197 -18.25975 -18.535656 -18.80615 -19.076645 -19.34714 -19.627428 -19.915472 -20.203526 -20.49158 -20.778784 -21.051014 -21.323242 -21.5958 -21.897736 -22.196507 -22.491093 -22.785679 -23.080263 -23.37485 -23.669436 -23.964022 -24.258606 -24.570948 -24.909315 -25.247683 -25.586067 -25.917027 -26.245785 -26.569841 -26.882448 -27.194515 -27.493877 -27.793262
-10.29608 -10.629151 -10.965243 -11.312779 -11.660317 -12.007857 -12.355396 -12.713085 -13.071953 -13.430821 -13.78969 -14.151789 -14.567506 -14.976911 -15.35095 -15.698912 -15.969249 -16.239586 -16.509922 -16.787216 -17.065773 -17.34433 -17.622887 -17.901443 -18.18 -18.460533 -18.742088 -19.023642 -19.305197 -19.576338 -19.846832 -20.129425 -20.417477 -20.70553 -20.993584 -21.281637 -21.559565 -21.831793 -22.104023 -22.376253 -22.665262 -22.967216 -23.261904 -23.556488 -23.851074 -24.14566 -24.440247 -24.734833 -25.029417 -25.363894 -25.702261 -26.040642 -26.376339 -26.705097 -27.033854 -27.362612 -27.676857 -27.989464 -28.302069 -28.603678
-10.995411 -11.328483 -11.665456 -12.012992 -12.360531 -12.708071 -13.05561 -13.411243 -13.770112 -14.12898 -14.487848 -14.897917 -15.313634 -15.729351 -16.110983 -16.470587 -16.740923 -17.01126 -17.282673 -17.56123 -17.839787 -18.118343 -18.3969 -18.675457 -18.954014 -19.23257 -19.511127 -19.789684 -20.069086 -20.346525 -20.63143 -20.919483 -21.207537 -21.49559 -21.783644 -22.068115 -22.340343 -22.612574 -22.884804 -23.157032 -23.432816 -23.734743 -24.032715 -24.3273 -24.621885 -24.916471 -25.211058 -25.505642 -25.818472 -26.15684 -26.495216 -26.83361 -27.16441 -27.493166 -27.821922 -28.15068 -28.471266 -28.783873 -29.096478 -29.409084
-11.694742 -12.027813 -12.365668 -12.713205 -13.060744 -13.408283 -13.755823 -14.109402 -14.46827 -14.827139 -15.228328 -15.644045 -16.059763 -16.47548 -16.871014 -17.24226 -17.512598 -17.782934 -18.056684 -18.335241 -18.613798 -18.892355 -19.170912 -19.449469 -19.728025 -20.006582 -20.28514 -20.563696 -20.842257 -21.105997 -21.412085 -21.709543 -21.997597 -22.28565 -22.573704 -22.848894 -23.121124 -23.393354 -23.665583 -23.937813 -24.210043 -24.502277 -24.803524 -25.09811 -25.392696 -25.687283 -25.981869 -26.276453 -26.611418 -26.949791 -27.288185 -27.62372 -27.952478 -28.281235 -28.609993 -28.93875 -29.265676 -29.578281 -29.890888 -30.203493
-12.394073 -12.727144 -13.065881 -13.413419 -13.760958 -14.108497 -14.456036 -14.807561 -15.166429 -15.558739 -15.974456 -16.390173 -16.805891 -17.221607 -17.631046 -18.005087 -18.284271 -18.554607 -18.830696 -19.109253 -19.38781 -19.666367 -19.944923 -20.22348 -20.502037 -20.780594 -21.059153 -21.334284 -21.593372 -21.852463 -22.156532 -22.46262 -22.768705 -23.074793 -23.357445 -23.629675 -23.901905 -24.174133 -24.446363 -24.718594 -24.990822 -25.26983 -25.57175 -25.868921 -26.163507 -26.458094 -26.752678 -27.065998 -27.404366 -27.74276 -28.081154 -28.41179 -28.740547 -29.069305 -29.398062 -29.72682 -30.055576 -30.372692 -30.685297 -30.997904
-13.093404 -13.426476 -13.766093 -14.113632 -14.461171 -14.80871 -15.156249 -15.505719 -15.88915 -16.304867 -16.720585 -17.136301 -17.55202 -17.967735 -18.383453 -18.765118 -19.055946 -19.326283 -19.60471 -19.883266 -20.161821 -20.440378 -20.718935 -20.997492 -21.27605 -21.554615 -21.826109 -22.0852 -22.34429 -22.60338 -22.900982 -23.20707 -23.513155 -23.81924 -24.117865 -24.410088 -24.682684 -24.954914 -25.227144 -25.499372 -25.771603 -26.04383 -26.339293 -26.639732 -26.934319 -27.228905 -27.523489 -27.858944 -28.197334 -28.535728 -28.871101 -29.19986 -29.528616 -29.857374 -30.18613 -30.514889 -30.843645 -31.1671 -31.479708 -31.792313
-13.788181 -14.125807 -14.466306 -14.813845 -15.161385 -15.508924 -15.8564625 -16.221575 -16.635277 -17.050995 -17.466713 -17.88243 -18.298147 -18.713863 -19.129581 -19.52515 -19.82762 -20.100164 -20.378721 -20.657278 -20.935835 -21.214392 -21.492949 -21.771513 -22.05008 -22.317934 -22.577024 -22.836115 -23.095205 -23.354296 -23.645432 -23.951517 -24.257605 -24.56369 -24.861715 -25.153938 -25.446163 -25.735693 -26.007923 -26.280153 -26.552382 -26.824612 -27.106846 -27.408758 -27.70513 -27.999714 -28.313522 -28.651907 -28.990303 -29.328697 -29.659172 -29.987928 -30.316687 -30.645443 -30.974201 -31.302958 -31.631716 -31.960472 -32.274117 -32.605595
-14.470405 -14.825138 -15.166519 -15.514058 -15.861598 -16.209826 -16.563055 -16.97538 -17.387707 -17.800034 -18.212841 -18.628557 -19.044275 -19.459991 -19.87571 -20.285183 -20.599295 -20.874176 -21.152733 -21.43129 -21.709846 -21.988409 -22.266975 -22.545542 -22.80976 -23.06885 -23.32794 -23.58703 -23.84612 -24.105211 -24.389881 -24.695967 -25.002052 -25.308138 -25.605566 -25.897789 -26.190012 -26.482237 -26.77446 -27.060932 -27.333162 -27.605392 -27.87762 -28.176308 -28.47594 -28.770525 -29.106482 -29.444876 -29.783272 -30.118484 -30.44724 -30.776 -31.104755 -31.433514 -31.76227 -32.091026 -32.419785 -32.748543 -33.068527 -33.422012
-15.152627 -15.524468 -15.866733 -16.214272 -16.564697 -16.915356 -17.31686 -17.729187 -18.141514 -18.553839 -18.966166 -19.378494 -19.790823 -20.20612 -20.621838 -21.037554 -21.37097 -21.648188 -21.926744 -22.205305 -22.483871 -22.762438 -23.041004 -23.301584 -23.560675 -23.819765 -24.078856 -24.337946 -24.597036 -24.856127 -25.134329 -25.440416 -25.746502 -26.052588 -26.349417 -26.64164 -26.933863 -27.226088 -27.51831 -27.810534 -28.102758 -28.386171 -28.658401 -28.943861 -29.245768 -29.561056 -29.89945 -30.237846 -30.57624 -30.906553 -31.23531 -31.564068 -31.892824 -32.22158 -32.55034 -32.879097 -33.207855 -33.53661 -33.872444 -34.23843
-15.83485 -16.211401 -16.56891 -16.919569 -17.270227 -17.658342 -18.070667 -18.482994 -18.895319 -19.307646 -19.719973 -20.132298 -20.544626 -20.956955 -21.369286 -21.783682 -22.143644 -22.422203 -22.70077 -22.979334 -23.2579 -23.534319 -23.79341 -24.0525 -24.31159 -24.57068 -24.829771 -25.088861 -25.347952 -25.607042 -25.878778 -26.184864 -26.49095 -26.797035 -27.093266 -27.38549 -27.677713 -27.969936 -28.262161 -28.554384 -28.846607 -29.138832 -29.431055 -29.711416 -30.027325 -30.369368 -30.704302 -31.039234 -31.372726 -31.704271 -32.035816 -32.36736 -32.698902 -33.030445 -33.361988 -33.693535 -34.025078 -34.35662 -34.70025 -35.06122
