test/UKGEOS_Glasgow/EXPORTS/ASCII(5mCell)/MineWorkings/Probable/Workings_Probable_KiltongueCoall_50m_GGERFS_Predrill(5m).asc
ncols 161
nrows 103
xllcenter 260550.03
yllcenter 664485.7
cellsize 5.0
nodata_value 10e32
[rows 54 to 80 of 103, columns 60 to 119 of 161]
-32.273983 -32.732994 -33.192 -33.665222 -34.14888 -34.632538 -35.116196 -35.604187 -36.041637 -36.464615 -36.887596 -37.310577 -37.73356 -38.15654 -38.655666 -39.16589 -39.640347 -40.114803 -40.58926 -41.063717 -41.538166 -41.966892 -42.36497 -42.760143 -43.120674 -43.48121 -43.84174 -44.20227 -44.562805 -44.923336 -45.283867 -45.6444 -46.00494 -46.365475 -46.726013 -47.094574 -47.556442 -48.01831 -48.42975 -48.839382 -49.24976 -49.706783 -50.177956 -50.649128 -51.120304 -51.591476 -52.062645 -52.53381 -53.004974 -53.47614 -53.947304 -54.41847 -54.889633 -55.35693 -55.837673 -56.339317 -56.837917 -57.335396 -57.845963 -58.332108
-32.784718 -33.243725 -33.702732 -34.168793 -34.65245 -35.13611 -35.61977 -36.115215 -36.538185 -36.961166 -37.384148 -37.80713 -38.240463 -38.761326 -39.28218 -39.80209 -40.276546 -40.751003 -41.22546 -41.69991 -42.17436 -42.63197 -43.03005 -43.40351 -43.76404 -44.124573 -44.485104 -44.84564 -45.206173 -45.56671 -45.92725 -46.28779 -46.64746 -47.0057 -47.37931 -47.833054 -48.29455 -48.75642 -49.189487 -49.599133 -50.033905 -50.51868 -50.997704 -51.468876 -51.94005 -52.411224 -52.882397 -53.35356 -53.824726 -54.29589 -54.767056 -55.23822 -55.709385 -56.18593 -56.683407 -57.18088 -57.67836 -58.175842 -58.716717 -59.248512
-33.29545 -33.754456 -34.213467 -34.672474 -35.15602 -35.639683 -36.134396 -36.61176 -37.034733 -37.457714 -37.880695 -38.346127 -38.866985 -39.38784 -39.908695 -40.42955 -40.912743 -41.3872 -41.861652 -42.3361 -42.81055 -43.285 -43.686344 -44.046875 -44.40741 -44.76795 -45.127045 -45.485283 -45.843517 -46.201756 -46.559994 -46.918232 -47.27647 -47.675472 -48.129215 -48.58296 -49.0367 -49.49453 -49.949223 -50.358883 -50.834747 -51.319523 -51.804302 -52.288624 -52.759796 -53.23097 -53.702145 -54.173313 -54.644478 -55.115643 -55.586807 -56.057972 -56.529137 -57.02637 -57.523846 -58.021328 -58.51881 -59.031322 -59.58682 -60.124096
-33.78108 -34.264473 -34.724197 -35.183205 -35.659595 -36.144875 -36.654137 -37.108303 -37.531284 -37.954266 -38.451786 -38.97264 -39.4935 -40.014355 -40.53521 -41.056065 -41.548943 -42.023396 -42.497845 -42.972298 -43.446747 -43.90913 -44.3231 -44.68134 -45.039574 -45.39781 -45.75605 -46.11429 -46.472527 -46.83076 -47.189 -47.547237 -47.97163 -48.425373 -48.879116 -49.33286 -49.786602 -50.240345 -50.694504 -51.150818 -51.63559 -52.120365 -52.605145 -53.089924 -53.574703 -54.050716 -54.52189 -54.993065 -55.46423 -55.935394 -56.40656 -56.877724 -57.369335 -57.86681 -58.364296 -58.86178 -59.359264 -59.901424 -60.45692 -60.999317
10e32 -34.737103 -35.220493 -35.693935 -36.163166 -36.664604 -37.17388 -37.604855 -38.03657 -38.557446 -39.0783 -39.59916 -40.120014 -40.64087 -41.161724 -41.682583 -42.18514 -42.65959 -43.126316 -43.581097 -44.03588 -44.49066 -44.920536 -45.310345 -45.668583 -46.026817 -46.385056 -46.743294 -47.101532 -47.459766 -47.818005 -48.267788 -48.72153 -49.175274 -49.629017 -50.08276 -50.536503 -50.99025 -51.443993 -51.95166 -52.43643 -52.921207 -53.405983 -53.890766 -54.375546 -54.860325 -55.341637 -55.812813 -56.28398 -56.755146 -57.22631 -57.7123 -58.209778 -58.707264 -59.20699 -59.73077 -60.254547 -60.778328 -61.327023 -61.87454
10e32 10e32 10e32 10e32 10e32 -37.184345 -37.67842 -38.142242 -38.663105 -39.18396 -39.70482 -40.225674 -40.74653 -41.263405 -41.775284 -42.287163 -42.798286 -43.253067 -43.70785 -44.162632 -44.617413 -45.072193 -45.501114 -45.916664 -46.29759 -46.655823 -47.01406 -47.3723 -47.730537 -48.110203 -48.563946 -49.01769 -49.47143 -49.925175 -50.37892 -50.832664 -51.28641 -51.740158 -52.196278 -52.73687 -53.237278 -53.72205 -54.206825 -54.691605 -55.176384 -55.661167 -56.145947 -56.630726 -57.103733 -57.574898 -58.055264 -58.552746 -59.062973 -59.586754 -60.110535 -60.63431 -61.158092 -61.681873 -62.20565 -62.74976
10e32 10e32 10e32 10e32 10e32 10e32 10e32 10e32 -39.243805 -39.75568 -40.26756 -40.779438 -41.291317 -41.803192 -42.31507 -42.82695 -43.338825 -43.834602 -44.289383 -44.744164 -45.198948 -45.65373 -46.081688 -46.497242 -46.912796 -47.284832 -47.643066 -48.001305 -48.406364 -48.860107 -49.31385 -49.767593 -50.22134 -50.675083 -51.12883 -51.582573 -52.03632 -52.490067 -52.972733 -53.520462 -54.027687 -54.522896 -55.007668 -55.492447 -55.977226 -56.462006 -56.94679 -57.43157 -57.916348 -58.398228 -58.918957 -59.442738 -59.96652 -60.4903 -61.014076 -61.537857 -62.061638 -62.585415 -63.109196 -63.64152
10e32 10e32 10e32 10e32 10e32 10e32 10e32 10e32 10e32 10e32 10e32 10e32 -41.8311 -42.34298 -42.85486 -43.366734 -43.878613 -44.39049 -44.87092 -45.3257 -45.78048 -46.23526 -46.662266 -47.07782 -47.493374 -47.908928 -48.272076 -48.702522 -49.156265 -49.610012 -50.063755 -50.5175 -50.97125 -51.42499 -51.87874 -52.33248 -52.78623 -53.239975 -53.749187 -54.304054 -54.81128 -55.318504 -55.808514 -56.293285 -56.77807 -57.262848 -57.747627 -58.23241 -58.71719 -59.264614 -59.816868 -60.346287 -60.870068 -61.393845 -61.917625 -62.441406 -62.965187 -63.488964 -64.02401 -64.57921
10e32 10e32 10e32 10e32 10e32 10e32 10e32 10e32 10e32 10e32 10e32 10e32 10e32 10e32 10e32 10e32 -44.4184 -44.93028 -45.44217 -45.90723 -46.362015 -46.816795 -47.242844 -47.658398 -48.07395 -48.489502 -48.973064 -49.45243 -49.906174 -50.35992 -50.813667 -51.26741 -51.721157 -52.1749 -52.628647 -53.08239 -53.536137 -53.989883 -54.525646 -55.08653 -55.59487 -56.102097 -56.609318 -57.09413 -57.578907 -58.06369 -58.54847 -59.03325 -59.56674 -60.11899 -60.671246 -61.2235 -61.773617 -62.297394 -62.821175 -63.344955 -63.868732 -64.40651 -64.9617 -65.51689
10e32 10e32 10e32 10e32 10e32 10e32 10e32 10e32 10e32 10e32 10e32 10e32 10e32 10e32 10e32 10e32 10e32 10e32 10e32 -46.488785 -46.943546 -47.398327 -47.82342 -48.238976 -48.654526 -49.135452 -49.627724 -50.11999 -50.61226 -51.104523 -51.563576 -52.01732 -52.471066 -52.92481 -53.378555 -53.832302 -54.286045 -54.741215 -55.3021 -55.862984 -56.378464 -56.88569 -57.39291 -57.894974 -58.37975 -58.86453 -59.34931 -59.868866 -60.42112 -60.973373 -61.525627 -62.07788 -62.630135 -63.18239 -63.724724 -64.248505 -64.789 -65.34419 -65.89938 -66.454575
10e32 10e32 10e32 10e32 10e32 10e32 10e32 10e32 10e32 10e32 10e32 10e32 10e32 10e32 10e32 10e32 10e32 10e32 10e32 10e32 10e32 -47.979862 -48.404 -48.819546 -49.29783 -49.79011 -50.282383 -50.77465 -51.26692 -51.759186 -52.25145 -52.743717 -53.220974 -53.674717 -54.128464 -54.58221 -55.035954 -55.517673 -56.078556 -56.639442 -57.162056 -57.66928 -58.176506 -58.683727 -59.18059 -59.66537 -60.17099 -60.723244 -61.275497 -61.82775 -62.380005 -62.93226 -63.484512 -64.04191 -64.61054 -65.19233 -65.74378 -66.28599 -66.83707 -67.39226
10e32 10e32 10e32 10e32 10e32 10e32 10e32 10e32 10e32 10e32 10e32 10e32 10e32 10e32 10e32 10e32 10e32 10e32 10e32 10e32 10e32 10e32 10e32 -49.46021 -49.95249 -50.444775 -50.937042 -51.42931 -51.921577 -52.413845 -52.906113 -53.398376 -53.890644 -54.38291 -54.87518 -55.33212 -55.785862 -56.29413 -56.85501 -57.415897 -57.94565 -58.452873 -58.9601 -59.46732 -59.974545 -60.473114 -61.025368 -61.580612 -62.149242 -62.717876 -63.28651 -63.855145 -64.423775 -64.99241 -65.56104 -66.158035 -66.759895 -67.317085 -67.85929 -68.4015
10e32 10e32 10e32 10e32 10e32 10e32 10e32 10e32 10e32 10e32 10e32 10e32 10e32 10e32 10e32 10e32 10e32 10e32 10e32 10e32 10e32 10e32 10e32 10e32 10e32 -51.099438 -51.5917 -52.08397 -52.576237 -53.068504 -53.56077 -54.053036 -54.545303 -55.037567 -55.529835 -56.022102 -56.51776 -57.070583 -57.63147 -58.192352 -58.72924 -59.236465 -59.74369 -60.25091 -60.79727 -61.392376 -61.96248 -62.531113 -63.099747 -63.66838 -64.237015 -64.80565 -65.37428 -65.94292 -66.52188 -67.12374 -67.72561 -68.32747 -68.89039 -69.432594
10e32 10e32 10e32 10e32 10e32 10e32 10e32 10e32 10e32 10e32 10e32 10e32 10e32 10e32 10e32 10e32 10e32 10e32 10e32 10e32 10e32 10e32 10e32 10e32 10e32 10e32 10e32 10e32 -53.230858 -53.72312 -54.21539 -54.707657 -55.19992 -55.702946 -56.230377 -56.75782 -57.285267 -57.84145 -58.406708 -58.968807 -59.512833 -60.020058 -60.56298 -61.134094 -61.71867 -62.319603 -62.912983 -63.481617 -64.05025 -64.61888 -65.187515 -65.75615 -66.32478 -66.89342 -67.487595 -68.089455 -68.691315 -69.293175 -69.89518 -70.48195
10e32 10e32 10e32 10e32 10e32 10e32 10e32 10e32 10e32 10e32 10e32 10e32 10e32 10e32 10e32 10e32 10e32 10e32 10e32 10e32 10e32 10e32 10e32 10e32 10e32 10e32 10e32 10e32 10e32 10e32 -54.88813 -55.41556 -55.94299 -56.470432 -56.99788 -57.525326 -58.05277 -58.610035 -59.175293 -59.740547 -60.328693 -60.899807 -61.47092 -62.044968 -62.645897 -63.24683 -63.84776 -64.43212 -65.000755 -65.56938 -66.138016 -66.70665 -67.27528 -67.85145 -68.4533 -69.05516 -69.65702 -70.25888 -70.86409 -71.469955
10e32 10e32 10e32 10e32 10e32 10e32 10e32 10e32 10e32 10e32 10e32 10e32 10e32 10e32 10e32 10e32 10e32 10e32 10e32 10e32 10e32 10e32 10e32 10e32 10e32 10e32 10e32 10e32 10e32 10e32 10e32 10e32 -56.71049 -57.237938 -57.765385 -58.29283 -58.820274 -59.37862 -59.94388 -60.58621 -61.236633 -61.807747 -62.37886 -62.972195 -63.573124 -64.17406 -64.77499 -65.375916 -65.951256 -66.51989 -67.088524 -67.65716 -68.22579 -68.81715 -69.41901 -70.02087 -70.62273 -71.22713 -71.83299 -72.438866
10e32 10e32 10e32 10e32 10e32 10e32 10e32 10e32 10e32 10e32 10e32 10e32 10e32 10e32 10e32 10e32 10e32 10e32 10e32 10e32 10e32 10e32 10e32 10e32 10e32 10e32 10e32 10e32 10e32 10e32 10e32 10e32 10e32 10e32 10e32 -59.060333 -59.58778 -60.17635 -60.829132 -61.481915 -62.134693 -62.715687 -63.29849 -63.89942 -64.50035 -65.10128 -65.70221 -66.30315 -66.90176 -67.47039 -68.039024 -68.60766 -69.18101 -69.78285 -70.38471 -70.98657 -71.59016 -72.19603 -72.8019 -73.40777
10e32 10e32 10e32 10e32 10e32 10e32 10e32 10e32 10e32 10e32 10e32 10e32 10e32 10e32 10e32 10e32 10e32 10e32 10e32 10e32 10e32 10e32 10e32 10e32 10e32 10e32 10e32 10e32 10e32 10e32 10e32 10e32 10e32 10e32 10e32 10e32 10e32 10e32 -61.72484 -62.37762 -63.0304 -63.624786 -64.225716 -64.826645 -65.427574 -66.02851 -66.62944 -67.23037 -67.8313 -68.42089 -68.989525 -69.55816 -70.14671 -70.74856 -71.35042 -71.95319 -72.55907 -73.16494 -73.770805 -74.35491
10e32 10e32 10e32 10e32 10e32 10e32 10e32 10e32 10e32 10e32 10e32 10e32 10e32 10e32 10e32 10e32 10e32 10e32 10e32 10e32 10e32 10e32 10e32 10e32 10e32 10e32 10e32 10e32 10e32 10e32 10e32 10e32 10e32 10e32 10e32 10e32 10e32 10e32 10e32 10e32 10e32 -64.55201 -65.15294 -65.753876 -66.354805 -66.955734 -67.55666 -68.1576 -68.75853 -69.35946 -69.940025 -70.510574 -71.11241 -71.714264 -72.31623 -72.922104 -73.52798 -74.13384 -74.71423 -75.29379
10e32 10e32 10e32 10e32 10e32 10e32 10e32 10e32 10e32 10e32 10e32 10e32 10e32 10e32 10e32 10e32 10e32 10e32 10e32 10e32 10e32 10e32 10e32 10e32 10e32 10e32 10e32 10e32 10e32 10e32 10e32 10e32 10e32 10e32 10e32 10e32 10e32 10e32 10e32 10e32 10e32 10e32 10e32 -66.68108 -67.28201 -67.88295 -68.48389 -69.084816 -69.68575 -70.28668 -70.88762 -71.47627 -72.07812 -72.67998 -73.28514 -73.891014 -74.49399 -75.07355 -75.65311 -76.23267
10e32 10e32 10e32 10e32 10e32 10e32 10e32 10e32 10e32 10e32 10e32 10e32 10e32 10e32 10e32 10e32 10e32 10e32 10e32 10e32 10e32 10e32 10e32 10e32 10e32 10e32 10e32 10e32 10e32 10e32 10e32 10e32 10e32 10e32 10e32 10e32 10e32 10e32 10e32 10e32 10e32 10e32 10e32 10e32 10e32 -68.81016 -69.41109 -70.012024 -70.61296 -71.21389 -71.81483 -72.44197 -73.04382 -73.64818 -74.25404 -74.8533 -75.43286 -76.01243 -76.59199 -77.17155
10e32 10e32 10e32 10e32 10e32 10e32 10e32 10e32 10e32 10e32 10e32 10e32 10e32 10e32 10e32 10e32 10e32 10e32 10e32 10e32 10e32 10e32 10e32 10e32 10e32 10e32 10e32 10e32 10e32 10e32 10e32 10e32 10e32 10e32 10e32 10e32 10e32 10e32 10e32 10e32 10e32 10e32 10e32 10e32 10e32 10e32 10e32 -70.939224 -71.54016 -72.1411 -72.75991 -73.40768 -74.011215 -74.61708 -75.212616 -75.79218 -76.37174 -76.95571 -77.54208 -78.128456
10e32 10e32 10e32 10e32 10e32 10e32 10e32 10e32 10e32 10e32 10e32 10e32 10e32 10e32 10e32 10e32 10e32 10e32 10e32 10e32 10e32 10e32 10e32 10e32 10e32 10e32 10e32 10e32 10e32 10e32 10e32 10e32 10e32 10e32 10e32 10e32 10e32 10e32 10e32 10e32 10e32 10e32 10e32 10e32 10e32 10e32 10e32 10e32 10e32 10e32 -73.71144 -74.37076 -74.98924 -75.58865 -76.175026 -76.761406 -77.34778 -77.93416 -78.52053 -79.10691
10e32 10e32 10e32 10e32 10e32 10e32 10e32 10e32 10e32 10e32 10e32 10e32 10e32 10e32 10e32 10e32 10e32 10e32 10e32 10e32 10e32 10e32 10e32 10e32 10e32 10e32 10e32 10e32 10e32 10e32 10e32 10e32 10e32 10e32 10e32 10e32 10e32 10e32 10e32 10e32 10e32 10e32 10e32 10e32 10e32 10e32 10e32 10e32 10e32 10e32 10e32 -75.344185 -75.98069 -76.567085 -77.153465 -77.73984 -78.32622 -78.91259 -79.49897 -80.08535
10e32 10e32 10e32 10e32 10e32 10e32 10e32 10e32 10e32 10e32 10e32 10e32 10e32 10e32 10e32 10e32 10e32 10e32 10e32 10e32 10e32 10e32 10e32 10e32 10e32 10e32 10e32 10e32 10e32 10e32 10e32 10e32 10e32 10e32 10e32 10e32 10e32 10e32 10e32 10e32 10e32 10e32 10e32 10e32 10e32 10e32 10e32 10e32 10e32 10e32 10e32 10e32 10e32 -77.59552 -78.18525 -78.77499 -79.364716 -79.954445 -80.54418 -81.13391
10e32 10e32 10e32 10e32 10e32 10e32 10e32 10e32 10e32 10e32 10e32 10e32 10e32 10e32 10e32 10e32 10e32 10e32 10e32 10e32 10e32 10e32 10e32 10e32 10e32 10e32 10e32 10e32 10e32 10e32 10e32 10e32 10e32 10e32 10e32 10e32 10e32 10e32 10e32 10e32 10e32 10e32 10e32 10e32 10e32 10e32 10e32 10e32 10e32 10e32 10e32 10e32 10e32 10e32 10e32 -79.83341 -80.42314 -81.01287 -81.60261 -82.19234
10e32 10e32 10e32 10e32 10e32 10e32 10e32 10e32 10e32 10e32 10e32 10e32 10e32 10e32 10e32 10e32 10e32 10e32 10e32 10e32 10e32 10e32 10e32 10e32 10e32 10e32 10e32 10e32 10e32 10e32 10e32 10e32 10e32 10e32 10e32 10e32 10e32 10e32 10e32 10e32 10e32 10e32 10e32 10e32 10e32 10e32 10e32 10e32 10e32 10e32 10e32 10e32 10e32 10e32 10e32 10e32 10e32 -82.071304 -82.66103 -83.25076
