test/UKGEOS_Glasgow/EXPORTS/ASCII(5mCell)/MineWorkings/Probable/Workings_Probable_GlasgowMainCoal_50m_GGERFS_Predrill(5m).asc
ncols 221
nrows 188
xllcenter 260000.0
yllcenter 662611.0
cellsize 5.0
nodata_value 10e32
[rows 31 to 61 of 188, columns 140 to 209 of 221]
-115.76427 -115.74697 -115.62582 -115.521805 -115.41779 -115.31378 -115.20977 -115.10576 -115.00174 -114.91282 -114.824745 -114.73668 -114.64861 -114.523056 -114.32071 -114.16933 -114.017944 -113.86656 -113.71518 -113.58469 -113.45535 -113.33181 -113.22598 -113.12016 -113.014336 -112.908516 -112.779594 -112.62758 -112.490135 -112.352684 -112.21523 -112.07779 -111.94034 -111.816765 -111.71381 -111.61086 -111.49126 -111.34701 -111.20275 -111.0585 -110.91425 -110.770004 -110.6346 -110.51348 -110.391174 -110.26886 -110.14655 -110.02424 -109.91309 -109.77848 -109.63654 -109.47694 -109.29993 -109.12292 -108.9485 -108.78495 -108.62141 -108.47264 -108.3246 -108.17419 -108.023476 -107.87276 -107.72204 -107.54025 -107.35041 -107.177246 -107.009346 -106.84334 -106.678444 -106.51355
-116.44748 -116.313835 -116.15892 -116.038994 -115.93498 -115.83097 -115.72696 -115.62294 -115.51893 -115.42286 -115.33479 -115.24673 -115.15865 -114.99752 -114.800285 -114.6489 -114.49752 -114.34613 -114.19475 -114.050705 -113.92137 -113.79204 -113.66648 -113.56066 -113.454834 -113.349014 -113.21532 -113.056305 -112.89728 -112.75304 -112.61559 -112.47814 -112.3407 -112.21646 -112.11351 -112.01055 -111.89829 -111.754036 -111.60979 -111.46554 -111.32128 -111.17703 -111.03278 -110.89234 -110.771065 -110.64979 -110.52851 -110.407234 -110.27225 -110.1303 -109.988365 -109.811745 -109.634735 -109.45773 -109.28768 -109.12414 -108.96059 -108.80665 -108.658615 -108.50951 -108.35879 -108.20808 -108.04455 -107.854706 -107.667595 -107.499695 -107.3318 -107.16636 -107.001465 -106.83657
-117.006996 -116.86064 -116.70573 -116.556175 -116.45216 -116.34815 -116.24414 -116.14012 -116.03611 -115.93291 -115.84483 -115.75677 -115.6687 -115.47199 -115.279854 -115.12847 -114.97709 -114.82571 -114.674324 -114.52294 -114.38739 -114.25806 -114.12872 -114.00116 -113.89534 -113.78951 -113.65104 -113.49203 -113.33301 -113.17399 -113.015945 -112.8785 -112.74105 -112.61616 -112.5132 -112.41025 -112.30532 -112.16107 -112.01682 -111.87257 -111.72832 -111.578094 -111.413895 -111.249695 -111.12489 -111.00362 -110.88234 -110.76106 -110.62407 -110.48213 -110.32356 -110.14655 -109.96955 -109.79255 -109.62686 -109.46332 -109.299774 -109.140656 -108.99262 -108.84459 -108.69411 -108.54339 -108.35901 -108.16917 -107.99004 -107.82215 -107.65427 -107.48937 -107.32448 -107.15351
-117.56237 -117.407455 -117.25254 -117.097626 -116.969345 -116.86533 -116.76132 -116.6573 -116.55329 -116.44927 -116.35488 -116.266815 -116.156654 -115.94646 -115.75943 -115.60804 -115.45666 -115.305275 -115.15389 -115.00251 -114.8534 -114.72407 -114.594734 -114.4654 -114.336075 -114.23001 -114.08676 -113.92775 -113.76874 -113.60972 -113.4507 -113.29168 -113.14141 -113.01585 -112.912895 -112.809944 -112.706985 -112.56811 -112.42385 -112.2796 -112.12225 -111.95806 -111.79386 -111.62966 -111.478714 -111.35744 -111.23616 -111.11488 -110.97589 -110.833954 -110.65837 -110.48137 -110.30437 -110.12959 -109.96605 -109.8025 -109.638954 -109.4754 -109.32664 -109.1786 -109.02943 -108.863304 -108.67346 -108.48363 -108.3125 -108.1446 -107.97728 -107.812386 -107.633026 -107.451035
-118.10918 -117.95426 -117.79935 -117.64444 -117.489525 -117.38252 -117.2785 -117.174484 -117.07047 -116.96645 -116.86492 -116.776855 -116.63113 -116.42092 -116.239 -116.087616 -115.93623 -115.78485 -115.63346 -115.48208 -115.330696 -115.19009 -115.06075 -114.93142 -114.802086 -114.67275 -114.522484 -114.36347 -114.20446 -114.04545 -113.88642 -113.7274 -113.56838 -113.42867 -113.31259 -113.20963 -113.10668 -112.975136 -112.83061 -112.66642 -112.50222 -112.33803 -112.17383 -112.00963 -111.84543 -111.711266 -111.58999 -111.46871 -111.32771 -111.17019 -110.99318 -110.81618 -110.639175 -110.46877 -110.30523 -110.141685 -109.978134 -109.81459 -109.660645 -109.51261 -109.36458 -109.177765 -108.98792 -108.80285 -108.63495 -108.46706 -108.29453 -108.11254 -107.93055 -107.74856
-118.65599 -118.501076 -118.34616 -118.191246 -118.03633 -117.899704 -117.795685 -117.69167 -117.587654 -117.483635 -117.379616 -117.2869 -117.10559 -116.89539 -116.71857 -116.567184 -116.4158 -116.26442 -116.11304 -115.961655 -115.81027 -115.65889 -115.52677 -115.39744 -115.268105 -115.09944 -114.94686 -114.79606 -114.64018 -114.48117 -114.32215 -114.16313 -114.013176 -113.887886 -113.762596 -113.6373 -113.51201 -113.37478 -113.21058 -113.04639 -112.88219 -112.717995 -112.553795 -112.389595 -112.225395 -112.06509 -111.94381 -111.82147 -111.679535 -111.505 -111.327995 -111.15099 -110.97399 -110.80796 -110.64441 -110.480865 -110.31732 -110.15377 -109.99465 -109.84662 -109.68364 -109.492226 -109.30238 -109.1253 -108.957115 -108.77506 -108.593 -108.41094 -108.22888 10e32
-119.2028 -119.04788 -118.892975 -118.73806 -118.58061 -118.42284 -118.28529 -118.18912 -118.09293 -117.99676 -117.8968 -117.79026 -117.580055 -117.36986 -117.19814 -117.04676 -116.89538 -116.74399 -116.592606 -116.44122 -116.28984 -116.13846 -115.99279 -115.86346 -115.69086 -115.51357 -115.36278 -115.211975 -115.06117 -114.91038 -114.75788 -114.59886 -114.4724 -114.340775 -114.202446 -114.064125 -113.9258 -113.76107 -113.590546 -113.42635 -113.26215 -113.09796 -112.93376 -112.76956 -112.60536 -112.441154 -112.29764 -112.173294 -112.016815 -111.83981 -111.66281 -111.48581 -111.310684 -111.14714 -110.9836 -110.820045 -110.6565 -110.49295 -110.32941 -110.18063 -109.99958 -109.80807 -109.616844 -109.437706 -109.255646 -109.073586 -108.89153 -108.70947 -108.52742 10e32
-119.74962 -119.5947 -119.43869 -119.280914 -119.12313 -118.965355 -118.80757 -118.6685 -118.57232 -118.47614 -118.37997 -118.24549 -118.05453 -117.84432 -117.67771 -117.52633 -117.37495 -117.223564 -117.07218 -116.9208 -116.76941 -116.61803 -116.45802 -116.282265 -116.10239 -115.9295 -115.778694 -115.6279 -115.4771 -115.326294 -115.17549 -115.02841 -114.88296 -114.74264 -114.60432 -114.46599 -114.32767 -114.15356 -113.97928 -113.80632 -113.64213 -113.47793 -113.31373 -113.14953 -112.98532 -112.82112 -112.65692 -112.525116 -112.35163 -112.17463 -111.99763 -111.820625 -111.64987 -111.48632 -111.32278 -111.15923 -110.99568 -110.83214 -110.66859 -110.50703 -110.31552 -110.1118 -109.908 -109.71682 -109.536 -109.35519 -109.17437 -108.99355 10e32 10e32
-120.29643 -120.13899 -119.98122 -119.82343 -119.66566 -119.50787 -119.3501 -119.192314 -119.051704 -118.95553 -118.859344 -118.68699 -118.51008 -118.318794 -118.15729 -118.005905 -117.854515 -117.690926 -117.52629 -117.36165 -117.197014 -117.03237 -116.86774 -116.693794 -116.51391 -116.34541 -116.19462 -116.043816 -115.89301 -115.74221 -115.5938 -115.44835 -115.3029 -115.15745 -115.01199 -114.86786 -114.72032 -114.54604 -114.371765 -114.197495 -114.02322 -113.857895 -113.693695 -113.529495 -113.36529 -113.20109 -113.03689 -112.86345 -112.68645 -112.509445 -112.33244 -112.15544 -111.98905 -111.82551 -111.66196 -111.49841 -111.33487 -111.17132 -110.99792 -110.80528 -110.60189 -110.39809 -110.19428 -109.99048 -109.80939 -109.62857 -109.447754 -109.26694 10e32 10e32
-120.822624 -120.66956 -120.516495 -120.363434 -120.208176 -120.0504 -119.89262 -119.73484 -119.57706 -119.434906 -119.30539 -119.12848 -118.945885 -118.758484 -118.59456 -118.42992 -118.26528 -118.10064 -117.936005 -117.77136 -117.60673 -117.442085 -117.27745 -117.10532 -116.92544 -116.76133 -116.610535 -116.45973 -116.30893 -116.1592 -116.01375 -115.86829 -115.72284 -115.57739 -115.43194 -115.262085 -115.08059 -114.91101 -114.74143 -114.571846 -114.40227 -114.23269 -114.05763 -113.88431 -113.71098 -113.53766 -113.364334 -113.19108 -113.01814 -112.84425 -112.66725 -112.49178 -112.32823 -112.16469 -111.99888 -111.82302 -111.64716 -111.471306 -111.28837 -111.088776 -110.886696 -110.68437 -110.48057 -110.276764 -110.08278 -109.90196 -109.721146 10e32 10e32 10e32
-121.31663 -121.16357 -121.010506 -120.85744 -120.70438 -120.551315 -120.39825 -120.245186 -120.09212 -119.92184 -119.722374 -119.53498 -119.34758 -119.16442 -119.001564 -118.8387 -118.674995 -118.51035 -118.34572 -118.181076 -118.01644 -117.8518 -117.687164 -117.51685 -117.33697 -117.17725 -117.02645 -116.87565 -116.72485 -116.57915 -116.43369 -116.28824 -116.142784 -115.97765 -115.791626 -115.6056 -115.42245 -115.25287 -115.08328 -114.913704 -114.744125 -114.57455 -114.39543 -114.21492 -114.03818 -113.86485 -113.69153 -113.51822 -113.34528 -113.17235 -112.999405 -112.82399 -112.64813 -112.472275 -112.29642 -112.12056 -111.9447 -111.76805 -111.57297 -111.37226 -111.17019 -110.96811 -110.76604 -110.56306 -110.35925 -110.17535 -109.99453 10e32 10e32 10e32
-121.81064 -121.65757 -121.50451 -121.35144 -121.19838 -121.04532 -120.89226 -120.7392 -120.5453 -120.33199 -120.12408 -119.936676 -119.74928 -119.57117 -119.40831 -119.245445 -119.08259 -118.91973 -118.75543 -118.59079 -118.426155 -118.26151 -118.09688 -117.92838 -117.7485 -117.59317 -117.442375 -117.29157 -117.14454 -116.999084 -116.85363 -116.69323 -116.507195 -116.32117 -116.13514 -115.94911 -115.7643 -115.59472 -115.42514 -115.25556 -115.08598 -114.9164 -114.73701 -114.556496 -114.375984 -114.19547 -114.01872 -113.8454 -113.67242 -113.49632 -113.30645 -113.11122 -112.938545 -112.76587 -112.59319 -112.4181 -112.24224 -112.05265 -111.85757 -111.655754 -111.453674 -111.2516 -111.04952 -110.84745 -110.64537 -110.44874 10e32 10e32 10e32 10e32
-122.30464 -122.15157 -121.99851 -121.84545 -121.69239 -121.53933 -121.382095 -121.16878 -120.95546 -120.74215 -120.52884 -120.33838 -120.150986 -119.97792 -119.815056 -119.6522 -119.489334 -119.32648 -119.16361 -119.0005 -118.83587 -118.67123 -118.50659 -118.33991 -118.16003 -118.00909 -117.85829 -117.70994 -117.56448 -117.408806 -117.22277 -117.036736 -116.85071 -116.66468 -116.47865 -116.29262 -116.10659 -115.93658 -115.767 -115.59742 -115.42784 -115.258255 -115.07858 -114.89807 -114.71756 -114.53705 -114.35654 -114.176025 -113.98644 -113.8 -113.59698 -113.39756 -113.224884 -113.05221 -112.87953 -112.706856 -112.53233 -112.33725 -112.14132 -111.93925 -111.73717 -111.53509 -111.333015 -111.130936 -110.92886 -110.72584 10e32 10e32 10e32 10e32
-122.798645 -122.645584 -122.49252 -122.33946 -122.1864 -122.00556 -121.792244 -121.57893 -121.365616 -121.152306 -120.938995 -120.74008 -120.55269 -120.38467 -120.2218 -120.058945 -119.89608 -119.73322 -119.570366 -119.4075 -119.244644 -119.08094 -118.916306 -118.75145 -118.57579 -118.42501 -118.27533 -118.12438 -117.93835 -117.752304 -117.56628 -117.38025 -117.19422 -117.008194 -116.82216 -116.63613 -116.4501 -116.27843 -116.10886 -115.93928 -115.76969 -115.60011 -115.420166 -115.239655 -115.05914 -114.878624 -114.68496 -114.47808 -114.29013 -114.09182 -113.88751 -113.6839 -113.51123 -113.338554 -113.16588 -112.9932 -112.81694 -112.62186 -112.42481 -112.22273 -112.02066 -111.81858 -111.61651 -111.41399 -111.21009 -111.00739 10e32 10e32 10e32 10e32
-123.292656 -123.139595 -122.986534 -122.83347 -122.629036 -122.41571 -122.2024 -121.98909 -121.77577 -121.56246 -121.34915 -121.141785 -120.954384 -120.79141 -120.62855 -120.46569 -120.30283 -120.13997 -119.97711 -119.81425 -119.65139 -119.488525 -119.32567 -119.16138 -118.9906 -118.84022 -118.653915 -118.46788 -118.281845 -118.09582 -117.90979 -117.72376 -117.53773 -117.3517 -117.16567 -116.979645 -116.79362 -116.620285 -116.45071 -116.28113 -116.11155 -115.94197 -115.76174 -115.58123 -115.399414 -115.192535 -114.98566 -114.78025 -114.586655 -114.38235 -114.17805 -113.97374 -113.79758 -113.6249 -113.452225 -113.27955 -113.10154 -112.906456 -112.708305 -112.506226 -112.304146 -112.10207 -111.898506 -111.69462 -111.49073 -111.28895 10e32 10e32 10e32 10e32
-123.78667 -123.633606 -123.46582 -123.2525 -123.039185 -122.82587 -122.61256 -122.39925 -122.18593 -121.97262 -121.75931 -121.54599 -121.361015 -121.19816 -121.0353 -120.87244 -120.70958 -120.546715 -120.38386 -120.22099 -120.058136 -119.89528 -119.732414 -119.56781 -119.372025 -119.184875 -118.99742 -118.811386 -118.62536 -118.43933 -118.2533 -118.06727 -117.88124 -117.69521 -117.509186 -117.32316 -117.13713 -116.96214 -116.792564 -116.622986 -116.45341 -116.28383 -116.103325 -115.90699 -115.70011 -115.49323 -115.28635 -115.08149 -114.87719 -114.67288 -114.468575 -114.26427 -114.083916 -113.91125 -113.73857 -113.565895 -113.38615 -113.19106 -112.99179 -112.78972 -112.58692 -112.38303 -112.17914 -111.97525 -111.77136 -111.5705 10e32 10e32 10e32 10e32
-124.280685 -124.089294 -123.87597 -123.66265 -123.44934 -123.23602 -123.02271 -122.8094 -122.596085 -122.382774 -122.169464 -121.95615 -121.76777 -121.604904 -121.44205 -121.27919 -121.116325 -120.95347 -120.79061 -120.62855 -120.46668 -120.30481 -120.1419 -119.920555 -119.70559 -119.52203 -119.340294 -119.15384 -118.96842 -118.78284 -118.59681 -118.41078 -118.224754 -118.03873 -117.8527 -117.66667 -117.480644 -117.30399 -117.134415 -116.964836 -116.79526 -116.622765 -116.41795 -116.21314 -116.00833 -115.80352 -115.59872 -115.39264 -115.17622 -114.96341 -114.75911 -114.5548 -114.37026 -114.197586 -114.02492 -113.85224 -113.670746 -113.47566 -113.27528 -113.07144 -112.86755 -112.663666 -112.45977 -112.25588 -112.05031 -111.84349 10e32 10e32 10e32 10e32
-124.71276 -124.49944 -124.286125 -124.07281 -123.8595 -123.64618 -123.43287 -123.21956 -123.01043 -122.80157 -122.5927 -122.38383 -122.18897 -122.0271 -121.865234 -121.70336 -121.54149 -121.379616 -121.21775 -121.05588 -120.894005 -120.70353 -120.48777 -120.26664 -120.04912 -119.86328 -119.682785 -119.49611 -119.309296 -119.12249 -118.93694 -118.751526 -118.56612 -118.3807 -118.19528 -118.009865 -117.82415 -117.64585 -117.46896 -117.29137 -117.11377 -116.93617 -116.734024 -116.52921 -116.3244 -116.1196 -115.91479 -115.709984 -115.49405 -115.27763 -115.061226 -114.84533 -114.6566 -114.48393 -114.31126 -114.13858 -113.95535 -113.75986 -113.55597 -113.35208 -113.148186 -112.9443 -112.73998 -112.53104 -112.3221 -112.11315 10e32 10e32 10e32 10e32
-125.08189 -124.90446 -124.703026 -124.494156 -124.285286 -124.07642 -123.86755 -123.65868 -123.449814 -123.240944 -123.032074 -122.82321 -122.6163 -122.45443 -122.29256 -122.13069 -121.96882 -121.806946 -121.64507 -121.48091 -121.26516 -121.0494 -120.83365 -120.612724 -120.39265 -120.20453 -120.02403 -119.83872 -119.65192 -119.4651 -119.2783 -119.09149 -118.90547 -118.720055 -118.53464 -118.34922 -118.1638 -117.97612 -117.7851 -117.60441 -117.42681 -117.249214 -117.050095 -116.84529 -116.64048 -116.43568 -116.230865 -116.026054 -115.81187 -115.59546 -115.37905 -115.162636 -114.95149 -114.77027 -114.5976 -114.42493 -114.23996 -114.04049 -113.8366 -113.63271 -113.428825 -113.22071 -113.01177 -112.802826 -112.59388 -112.38494 -112.18078 10e32 10e32 10e32
-125.470474 -125.29305 -125.11256 -124.91671 -124.72086 -124.5158 -124.30694 -124.09807 -123.8892 -123.68033 -123.47146 -123.26259 -123.05373 -122.88176 -122.71989 -122.558014 -122.39615 -122.234276 -122.04254 -121.82679 -121.61103 -121.39527 -121.17952 -120.95881 -120.736176 -120.54578 -120.36528 -120.181335 -119.99453 -119.807724 -119.62091 -119.434105 -119.2473 -119.06049 -118.874 -118.68858 -118.50317 -118.315796 -118.12478 -117.93377 -117.74275 -117.562256 -117.36617 -117.16136 -116.95656 -116.75175 -116.54694 -116.34213 -116.129684 -115.91328 -115.69687 -115.48046 -115.2664 -115.06619 -114.88395 -114.71127 -114.52456 -114.32113 -114.11724 -113.910385 -113.70144 -113.4925 -113.283554 -113.074615 -112.86567 -112.65672 -112.434814 10e32 10e32 10e32
-125.859055 -125.68164 -125.50422 -125.31788 -125.12203 -124.926186 -124.73034 -124.53449 -124.32858 -124.11971 -123.91084 -123.70197 -123.4931 -123.30908 -123.14722 -122.985344 -122.81993 -122.60417 -122.38842 -122.17266 -121.9569 -121.74115 -121.52539 -121.30489 -121.081345 -120.887024 -120.706535 -120.52395 -120.33714 -120.15034 -119.96353 -119.77672 -119.58991 -119.40311 -119.2163 -119.029495 -118.84269 -118.65547 -118.464455 -118.26883 -118.06815 -117.867485 -117.66906 -117.47361 -117.27263 -117.067825 -116.863014 -116.65821 -116.4475 -116.231094 -116.01469 -115.79828 -115.58187 -115.3811 -115.18089 -114.99762 -114.80565 -114.60006 -114.39111 -114.182175 -113.97323 -113.76428 -113.55534 -113.3464 -113.124725 -112.8962 -112.66769 10e32 10e32 10e32
-126.247635 -126.07022 -125.89281 -125.715385 -125.5232 -125.327354 -125.13151 -124.93567 -124.73982 -124.543976 -124.34813 -124.14136 -123.93249 -123.73641 -123.57454 -123.38156 -123.1658 -122.95005 -122.73429 -122.51853 -122.30278 -122.08702 -121.87126 -121.65098 -121.42743 -121.22827 -121.04778 -120.86656 -120.679756 -120.49295 -120.306145 -120.11934 -119.93253 -119.74572 -119.558914 -119.37211 -119.17214 -118.94962 -118.741806 -118.54113 -118.340454 -118.139786 -117.93911 -117.74359 -117.548134 -117.352684 -117.15723 -116.96178 -116.76072 -116.54891 -116.332504 -116.1161 -115.89969 -115.69602 -115.49581 -115.290474 -115.08079 -114.87185 -114.6629 -114.45396 -114.24502 -114.03607 -113.81463 -113.58611 -113.35759 -113.129074 -112.90055 10e32 10e32 10e32
-126.64294 -126.45879 -126.28139 -126.10397 -125.92437 -125.72852 -125.53268 -125.33684 -125.14099 -124.945145 -124.7493 -124.55345 -124.357605 -124.15832 -123.94319 -123.72743 -123.51168 -123.29592 -123.08016 -122.86441 -122.64865 -122.43289 -122.21714 -121.99706 -121.77351 -121.56952 -121.38903 -121.20854 -121.02237 -120.83556 -120.64876 -120.46195 -120.27515 -120.08834 -119.88948 -119.684326 -119.4618 -119.23898 -119.0185 -118.81343 -118.612755 -118.41209 -118.21141 -118.01358 -117.81812 -117.622665 -117.427216 -117.23176 -117.025635 -116.8174 -116.60916 -116.400925 -116.190636 -115.98234 -115.774666 -115.56349 -115.35258 -115.14363 -114.93469 -114.725746 -114.50453 -114.27602 -114.0475 -113.81898 -113.59046 -113.36194 -113.13342 10e32 10e32 10e32
-127.04053 -126.847374 -126.66996 -126.49255 -126.31514 -126.12969 -125.93385 -125.73801 -125.54216 -125.34631 -125.1419 -124.936806 -124.71406 -124.48799 -124.27654 -124.06992 -123.85755 -123.64179 -123.42603 -123.21028 -122.99452 -122.77876 -122.56301 -122.34315 -122.1196 -121.91203 -121.73028 -121.5498 -121.36498 -121.17818 -120.99137 -120.804565 -120.60681 -120.401665 -120.19651 -119.97455 -119.75139 -119.52834 -119.30787 -119.08739 -118.885056 -118.68438 -118.48371 -118.28356 -118.088104 -117.892654 -117.6972 -117.49879 -117.29055 -117.08231 -116.87408 -116.661446 -116.44281 -116.22959 -116.02912 -115.82866 -115.62532 -115.41542 -115.19444 -114.96592 -114.737404 -114.50889 -114.280365 -114.05185 -113.823326 -113.59481 -113.36629 10e32 10e32 10e32
-127.43812 -127.235954 -127.05854 -126.88113 -126.70371 -126.526306 -126.32881 -126.12372 -125.918625 -125.71353 -125.49953 -125.27031 -125.042015 -124.81791 -124.60138 -124.39476 -124.18814 -123.98152 -123.77191 -123.55615 -123.34039 -123.12464 -122.90888 -122.68923 -122.465675 -122.25556 -122.071526 -121.891045 -121.707596 -121.52079 -121.32414 -121.118996 -120.91384 -120.708694 -120.4873 -120.264145 -120.040985 -119.817825 -119.59723 -119.37675 -119.15736 -118.95668 -118.75601 -118.55534 -118.35809 -118.162636 -117.967186 -117.763695 -117.55546 -117.34722 -117.132256 -116.91362 -116.694984 -116.47684 -116.276375 -116.07591 -115.87544 -115.6537 -115.42714 -115.19879 -114.970276 -114.74175 -114.51324 -114.28471 -114.0562 -113.827675 -113.59916 10e32 10e32 10e32
-127.83571 -127.62453 -127.44712 -127.26971 -127.0847 -126.87518 -126.67068 -126.46616 -126.26166 -126.047676 -125.82422 -125.59734 -125.37194 -125.147835 -124.926216 -124.719604 -124.512985 -124.306366 -124.09975 -123.89313 -123.68627 -123.47051 -123.25475 -123.03532 -122.81176 -122.59909 -122.41277 -122.23229 -122.04148 -121.83633 -121.63118 -121.426025 -121.215294 -120.9982 -120.77689 -120.553734 -120.330574 -120.107414 -119.88659 -119.666115 -119.44563 -119.22898 -119.02831 -118.82764 -118.62808 -118.432625 -118.23685 -118.02861 -117.82037 -117.60307 -117.38444 -117.165794 -116.94716 -116.728516 -116.52363 -116.323166 -116.11452 -115.88421 -115.655304 -115.42881 -115.20232 -114.974625 -114.7461 -114.517586 -114.28906 -114.06055 -113.83203 10e32 10e32 10e32
-128.2333 -128.0131 -127.83569 -127.633224 -127.42148 -127.21614 -127.011635 -126.80713 -126.59191 -126.368454 -126.145 -125.91411 -125.70186 -125.47775 -125.25365 -125.04444 -124.83782 -124.6312 -124.42458 -124.21797 -124.01135 -123.80473 -123.598114 -123.3814 -123.157845 -122.94262 -122.75402 -122.55366 -122.343735 -122.13036 -121.917 -121.703636 -121.49027 -121.27406 -121.05411 -120.834145 -120.61418 -120.394226 -120.17596 -119.955475 -119.73499 -119.51452 -119.30061 -119.09994 -118.89928 -118.70261 -118.50176 -118.29252 -118.07388 -117.85525 -117.63661 -117.41797 -117.19933 -116.98069 -116.77088 -116.57041 -116.345024 -116.11471 -115.8844 -115.656975 -115.43048 -115.20399 -114.97749 -114.75045 -114.521935 -114.29342 -114.064896 10e32 10e32 10e32
-128.60207 -128.3935 -128.18175 -127.97 -127.761604 -127.5571 -127.35259 -127.13615 -126.91268 -126.68659 -126.45185 -126.21856 -126.00935 -125.80015 -125.58357 -125.369286 -125.16267 -124.95605 -124.74943 -124.538734 -124.327934 -124.11713 -123.90633 -123.69552 -123.485504 -123.2695 -123.04611 -122.83207 -122.618706 -122.40534 -122.19198 -121.97861 -121.76524 -121.549934 -121.32997 -121.11001 -120.89005 -120.671104 -120.45531 -120.23951 -120.023705 -119.80388 -119.5834 -119.37224 -119.17157 -118.972595 -118.76333 -118.54469 -118.32606 -118.10742 -117.88879 -117.67014 -117.45151 -117.232864 -117.01813 -116.80584 -116.57552 -116.345215 -116.1149 -115.88514 -115.658646 -115.43215 -115.20566 -114.979164 -114.75267 -114.52618 -114.29777 10e32 10e32 10e32
-128.93965 -128.73027 -128.51852 -128.30707 -128.10257 -127.898056 -127.680374 -127.45692 -127.22544 -126.9907 -126.75596 -126.52301 -126.31381 -126.10461 -125.8954 -125.68518 -125.47438 -125.26357 -125.052765 -124.841965 -124.63116 -124.42036 -124.20955 -123.99874 -123.78764 -123.55985 -123.33235 -123.108406 -122.893684 -122.68032 -122.46695 -122.253586 -122.04022 -121.8258 -121.60584 -121.38588 -121.16592 -120.94858 -120.73278 -120.516975 -120.30118 -120.08538 -119.869576 -119.65228 -119.44387 -119.234695 -119.01551 -118.796875 -118.57823 -118.3596 -118.14096 -117.92232 -117.70368 -117.48504 -117.26626 -117.03634 -116.80603 -116.575714 -116.345406 -116.11509 -115.88682 -115.66032 -115.43382 -115.20733 -114.980835 -114.75434 -114.52785 10e32 10e32 10e32
-129.27722 -129.06705 -128.8553 -128.64804 -128.44353 -128.22461 -127.99903 -127.76429 -127.52955 -127.29481 -127.06007 -126.82747 -126.61826 -126.40906 -126.19985 -125.98854 -125.7776 -125.566795 -125.355995 -125.14519 -124.93439 -124.72358 -124.51277 -124.30197 -124.07962 -123.85103 -123.62285 -123.39535 -123.1707 -122.95529 -122.74193 -122.528564 -122.3152 -122.10167 -121.88171 -121.66175 -121.44185 -121.22605 -121.01025 -120.79445 -120.57865 -120.36285 -120.14705 -119.93057 -119.71031 -119.490616 -119.267685 -119.04905 -118.830414 -118.61019 -118.3874 -118.16461 -117.94182 -117.71903 -117.495926 -117.266525 -117.03653 -116.80622 -116.575905 -116.3456 -116.11527 -115.88849 -115.66199 -115.43549 -115.209 -114.982506 -114.75601 10e32 10e32 10e32
-129.6148 -129.40382 -129.1935 -128.989 -128.76884 -128.53787 -128.30313 -128.06839 -127.83366 -127.598915 -127.364174 -127.13192 -126.922714 -126.71351 -126.503624 -126.292076 -126.080826 -125.870026 -125.65922 -125.44842 -125.23761 -125.0268 -124.816 -124.60019 -124.3716 -124.143005 -123.91442 -123.685844 -123.458336 -123.232994 -123.01691 -122.803535 -122.59017 -122.37681 -122.15758 -121.937614 -121.71932 -121.50352 -121.28772 -121.07192 -120.85612 -120.64032 -120.42128 -120.19237 -119.95679 -119.73011 -119.50854 -119.28575 -119.062965 -118.84017 -118.617386 -118.39459 -118.17181 -117.94902 -117.72526 -117.49586 -117.26646 -117.03672 -116.80641 -116.576096 -116.34578 -116.11665 -115.89016 -115.663666 -115.437164 -115.21067 -114.98682 10e32 10e32 10e32
