test/UKGEOS_Glasgow/EXPORTS/ASCII(5mCell)/MineWorkings/Probable/Workings_Probable_GlasgowMainCoal_50m_GGERFS_Predrill(5m).asc
ncols 221
nrows 188
xllcenter 260000.0
yllcenter 662611.0
cellsize 5.0
nodata_value 10e32
[rows 93 to 123 of 188, columns 140 to 209 of 221]
10e32 10e32 10e32 10e32 10e32 10e32 -135.60413 -135.39954 -135.19495 -134.99036 -134.78577 -134.58145 -134.36893 -134.15395 -133.93895 -133.7207 -133.4886 -133.2554 -133.00859 -132.7618 -132.515 -132.2682 -132.02141 -131.77461 -131.52782 -131.28102 -131.03854 -130.7984 -130.55826 -130.3181 -130.07796 -129.82727 -129.57214 -129.31537 -129.05424 -128.79312 -128.53201 -128.27089 -128.00977 -127.7545 -127.50485 -127.255196 -127.00554 -126.75589 -126.50314 -126.23886 -125.97457 -125.7102 -125.44138 -125.17257 -124.90984 -124.65026 -124.39144 -124.13263 -123.87555 -123.616554 -123.35015 -123.095375 -122.83841 -122.58037 -122.32233 -122.064285 -121.80625 -121.54016 -121.27268 -121.01013 10e32 10e32 10e32 10e32
10e32 10e32 10e32 10e32 10e32 10e32 10e32 -135.57114 -135.36693 -135.16272 -134.9585 -134.74774 -134.52664 -134.30553 -134.0873 -133.87231 -133.6573 -133.4252 -133.18138 -132.93459 -132.68779 -132.441 -132.1942 -131.9474 -131.7006 -131.45381 -131.21303 -130.97287 -130.73273 -130.49178 -130.23665 -129.9815 -129.72636 -129.47124 -129.21388 -128.95276 -128.69165 -128.43053 -128.1694 -127.91461 -127.66496 -127.415306 -127.16566 -126.916 -126.653725 -126.389435 -126.125145 -125.860855 -125.596565 -125.32886 -125.06339 -124.80397 -124.54515 -124.28889 -124.03271 -123.75822 -123.49283 -123.23805 -122.98328 -122.72622 -122.468185 -122.210144 -121.944466 -121.67699 -121.4095 -121.14202 10e32 10e32 10e32 10e32
10e32 10e32 10e32 10e32 10e32 10e32 10e32 10e32 -135.54042 -135.33621 -135.132 -134.91478 -134.69366 -134.47256 -134.25145 -134.03035 -133.80923 -133.59068 -133.35417 -133.10738 -132.86058 -132.61378 -132.36699 -132.12018 -131.87338 -131.62766 -131.3875 -131.14735 -130.90114 -130.64601 -130.39087 -130.13574 -129.8806 -129.62547 -129.37033 -129.1124 -128.85127 -128.59016 -128.32904 -128.07472 -127.82507 -127.57542 -127.32577 -127.06859 -126.8043 -126.54001 -126.27572 -126.01144 -125.74715 -125.48286 -125.216934 -124.95839 -124.70222 -124.44604 -124.17617 -123.89987 -123.635506 -123.38073 -123.125946 -122.87117 -122.61404 -122.34876 -122.08128 -121.813805 -121.546326 -121.27884 -121.01136 10e32 10e32 10e32
10e32 10e32 10e32 10e32 10e32 10e32 10e32 10e32 10e32 -135.5097 -135.3029 -135.0818 -134.8607 -134.63959 -134.41849 -134.19737 -133.97627 -133.75516 -133.5261 -133.28088 -133.03336 -132.78656 -132.53976 -132.29297 -132.04617 -131.80212 -131.56198 -131.3105 -131.05537 -130.80023 -130.5451 -130.28996 -130.03484 -129.7797 -129.52457 -129.26942 -129.01091 -128.7498 -128.48868 -128.23483 -127.98518 -127.73553 -127.48345 -127.21917 -126.95488 -126.69059 -126.4263 -126.16201 -125.89772 -125.6335 -125.37024 -125.11555 -124.85937 -124.594124 -124.317825 -124.041534 -123.778175 -123.5234 -123.26862 -123.01385 -122.751434 -122.48559 -122.2181 -121.95062 -121.68314 -121.415665 -121.14818 10e32 10e32 10e32
10e32 10e32 10e32 10e32 10e32 10e32 10e32 10e32 10e32 10e32 10e32 -135.24883 -135.02773 -134.80661 -134.58551 -134.36441 -134.1433 -133.9222 -133.69263 -133.45367 -133.20924 -132.96129 -132.71332 -132.46576 -132.21896 -131.975 -131.71986 -131.46474 -131.2096 -130.95447 -130.69933 -130.4442 -130.18906 -129.93393 -129.67879 -129.42366 -129.16852 -128.90942 -128.64832 -128.39494 -128.1453 -127.895645 -127.63403 -127.36974 -127.10545 -126.84116 -126.57697 -126.3128 -126.04862 -125.78444 -125.525116 -125.27169 -125.01207 -124.73578 -124.45949 -124.18319 -123.92085 -123.66608 -123.41077 -123.14701 -122.883255 -122.6195 -122.35493 -122.08744 -121.81996 -121.55248 -121.285 -121.01752 10e32 10e32
10e32 10e32 10e32 10e32 10e32 10e32 10e32 10e32 10e32 10e32 10e32 10e32 -135.19475 -134.97365 -134.75253 -134.53143 -134.31033 -134.08922 -133.85916 -133.62021 -133.38126 -133.1376 -132.88965 -132.64168 -132.38853 -132.12679 -131.87338 -131.61896 -131.36383 -131.10869 -130.85356 -130.59842 -130.34329 -130.08815 -129.83302 -129.57788 -129.32275 -129.06761 -128.80794 -128.55505 -128.3054 -128.0489 -127.78463 -127.520454 -127.25627 -126.992096 -126.72791 -126.46374 -126.19956 -125.93538 -125.676865 -125.41744 -125.14942 -124.87744 -124.60114 -124.32485 -124.06353 -123.80634 -123.54259 -123.27883 -123.015076 -122.75132 -122.487564 -122.22381 -121.95678 -121.6893 -121.42182 -121.15434 10e32 10e32
10e32 10e32 10e32 10e32 10e32 10e32 10e32 10e32 10e32 10e32 10e32 10e32 10e32 -135.14067 -134.91957 -134.69846 -134.47736 -134.25626 -134.0257 -133.78674 -133.54779 -133.30884 -133.06596 -132.81764 -132.54338 -132.2732 -132.01979 -131.76639 -131.51299 -131.25957 -131.00616 -130.75266 -130.49751 -130.24239 -129.98724 -129.73212 -129.47697 -129.22185 -128.9667 -128.71333 -128.45952 -128.19975 -127.93557 -127.671394 -127.40721 -127.143036 -126.87808 -126.61211 -126.34613 -126.07418 -125.814766 -125.554535 -125.28273 -125.010925 -124.73912 -124.46651 -124.20192 -123.93816 -123.67441 -123.41065 -123.1469 -122.88313 -122.61938 -122.35562 -122.091866 -121.826126 -121.55864 -121.2867 10e32 10e32
10e32 10e32 10e32 10e32 10e32 10e32 10e32 10e32 10e32 10e32 10e32 10e32 10e32 10e32 -135.0866 -134.8655 -134.64438 -134.42328 -134.19225 -133.9533 -133.71432 -133.47537 -133.23503 -132.97318 -132.69823 -132.42395 -132.1662 -131.9128 -131.6594 -131.40598 -131.15373 -130.90181 -130.64989 -130.39795 -130.14444 -129.88905 -129.63496 -129.38086 -129.12677 -128.87872 -128.61255 -128.3507 -128.08565 -127.81967 -127.553696 -127.28772 -127.02174 -126.75338 -126.47801 -126.21208 -125.95266 -125.68785 -125.416046 -125.14423 -124.87243 -124.59437 -124.32104 -124.06879 -123.80514 -123.54148 -123.277824 -123.01417 -122.75051 -122.486855 -122.2232 -121.95781 -121.68805 -121.40959 -121.131134 10e32
10e32 10e32 10e32 10e32 10e32 10e32 10e32 10e32 10e32 10e32 10e32 10e32 10e32 10e32 10e32 -135.03252 -134.81142 -134.5903 -134.35759 -134.11638 -133.87515 -133.63394 -133.39273 -133.13252 -132.85753 -132.58618 -132.33426 -132.08232 -131.8304 -131.57848 -131.32654 -131.07462 -130.8201 -130.56454 -130.30899 -130.05345 -129.7979 -129.54234 -129.28894 -129.02248 -128.75468 -128.48691 -128.21957 -127.953804 -127.688034 -127.422264 -127.156494 -126.88509 -126.60972 -126.34998 -126.09056 -125.82116 -125.549355 -125.27755 -125.00015 -124.715454 -124.430756 -124.1729 -123.920975 -123.669044 -123.40296 -123.13617 -122.86938 -122.602585 -122.33579 -122.069 -121.80221 -121.52884 -121.254036 10e32
10e32 10e32 10e32 10e32 10e32 10e32 10e32 10e32 10e32 10e32 10e32 10e32 10e32 10e32 10e32 10e32 10e32 -134.74556 -134.51053 -134.27406 -134.03285 -133.79164 -133.55042 -133.29185 -133.01686 -132.75899 -132.50706 -132.25513 -132.0032 -131.75128 -131.49574 -131.2402 -130.98465 -130.7291 -130.47356 -130.218 -129.96245 -129.70508 -129.43105 -129.15646 -128.88869 -128.62091 -128.35312 -128.08571 -127.81994 -127.55417 -127.2884 -127.0168 -126.7473 -126.48788 -126.22627 -125.95447 -125.68266 -125.40594 -125.12124 -124.83654 -124.551834 -124.27669 -124.024765 -123.772835 -123.51415 -123.24736 -122.98057 -122.713776 -122.446976 -122.18018 -121.91339 -121.64301 -121.3692 -121.09496
10e32 10e32 10e32 10e32 10e32 10e32 10e32 10e32 10e32 10e32 10e32 10e32 10e32 10e32 10e32 10e32 10e32 10e32 -134.65971 -134.42468 -134.18964 -133.94933 -133.70811 -133.4512 -133.18372 -132.9318 -132.67987 -132.42694 -132.1714 -131.91585 -131.66031 -131.40475 -131.1492 -130.89366 -130.6381 -130.38255 -130.12294 -129.85803 -129.57697 -129.29416 -129.02267 -128.7549 -128.48712 -128.21935 -127.951836 -127.686066 -127.4203 -127.148506 -126.8852 -126.62578 -126.35959 -126.08778 -125.81173 -125.52702 -125.242325 -124.95762 -124.67292 -124.38822 -124.128555 -123.876625 -123.624695 -123.35855 -123.09176 -122.82497 -122.55817 -122.291374 -122.02458 -121.75719 -121.483376 -121.206314
10e32 10e32 10e32 10e32 10e32 10e32 10e32 10e32 10e32 10e32 10e32 10e32 10e32 10e32 10e32 10e32 10e32 10e32 10e32 -134.57387 -134.33884 -134.10379 -133.8658 -133.61055 -133.35652 -133.1026 -132.84705 -132.5915 -132.33595 -132.08041 -131.82486 -131.5693 -131.31377 -131.05821 -130.80266 -130.5408 -130.2759 -130.00569 -129.72289 -129.44008 -129.15727 -128.88889 -128.62111 -128.35333 -128.08556 -127.81797 -127.5522 -127.28252 -127.023094 -126.76368 -126.4929 -126.217514 -125.93281 -125.64811 -125.36341 -125.078705 -124.79401 -124.50931 -124.232346 -123.980415 -123.728485 -123.46974 -123.20295 -122.93616 -122.669365 -122.40257 -122.13577 -121.86898 -121.595184 -121.317665
10e32 10e32 10e32 10e32 10e32 10e32 10e32 10e32 10e32 10e32 10e32 10e32 10e32 10e32 10e32 10e32 10e32 10e32 10e32 10e32 -134.48802 -134.25299 -134.01796 -133.77826 -133.5227 -133.26715 -133.01161 -132.75606 -132.5005 -132.24496 -131.98941 -131.73387 -131.47832 -131.22276 -130.95866 -130.69376 -130.42886 -130.15161 -129.8688 -129.586 -129.30319 -129.02289 -128.75511 -128.48732 -128.21954 -127.95177 -127.684105 -127.42041 -127.160995 -126.89802 -126.6233 -126.3386 -126.053894 -125.769196 -125.48449 -125.19979 -124.91509 -124.63039 -124.34569 -124.084206 -123.832275 -123.58035 -123.31414 -123.04735 -122.780556 -122.51376 -122.24697 -121.98021 -121.70653 -121.429016
10e32 10e32 10e32 10e32 10e32 10e32 10e32 10e32 10e32 10e32 10e32 10e32 10e32 10e32 10e32 10e32 10e32 10e32 10e32 10e32 10e32 10e32 -134.16713 -133.93523 -133.68726 -133.43172 -133.17616 -132.92061 -132.66507 -132.40952 -132.15398 -131.89842 -131.64143 -131.37653 -131.11163 -130.84673 -130.58034 -130.29753 -130.01472 -129.73192 -129.44911 -129.1663 -128.8891 -128.62132 -128.35355 -128.08575 -127.817215 -127.55789 -127.2989 -127.02908 -126.744385 -126.45968 -126.17498 -125.89028 -125.605576 -125.32088 -125.03617 -124.75147 -124.466774 -124.187996 -123.936066 -123.68414 -123.42533 -123.15854 -122.89175 -122.624954 -122.35817 -122.09146 -121.81788 -121.54036
10e32 10e32 10e32 10e32 10e32 10e32 10e32 10e32 10e32 10e32 10e32 10e32 10e32 10e32 10e32 10e32 10e32 10e32 10e32 10e32 10e32 10e32 10e32 -134.08781 -133.85022 -133.59627 -133.34071 -133.08517 -132.82962 -132.57408 -132.31853 -132.0593 -131.7944 -131.5295 -131.26459 -130.99968 -130.72626 -130.44345 -130.16064 -129.87784 -129.59503 -129.31223 -129.02942 -128.75531 -128.48753 -128.21976 -127.94755 -127.687485 -127.4349 -127.15021 -126.86552 -126.58083 -126.29614 -126.01145 -125.72676 -125.44207 -125.15738 -124.87269 -124.588 -124.30331 -124.03986 -123.78793 -123.536 -123.26973 -123.00294 -122.736145 -122.46943 -122.20272 -121.92923 -121.65171
10e32 10e32 10e32 10e32 10e32 10e32 10e32 10e32 10e32 10e32 10e32 10e32 10e32 10e32 10e32 10e32 10e32 10e32 10e32 10e32 10e32 10e32 10e32 10e32 -134.0028 -133.76082 -133.50528 -133.24973 -132.99419 -132.73863 -132.47717 -132.21227 -131.94736 -131.68245 -131.41756 -131.15231 -130.86987 -130.58882 -130.30656 -130.02376 -129.74095 -129.45815 -129.17534 -128.89253 -128.62154 -128.35043 -128.07788 -127.8174 -127.55618 -127.27149 -126.9868 -126.70211 -126.41742 -126.13273 -125.84804 -125.56335 -125.278656 -124.993965 -124.709274 -124.42458 -124.15898 -123.895584 -123.63979 -123.38092 -123.11413 -122.8474 -122.58068 -122.31397 -122.04057 -121.76306
10e32 10e32 10e32 10e32 10e32 10e32 10e32 10e32 10e32 10e32 10e32 10e32 10e32 10e32 10e32 10e32 10e32 10e32 10e32 10e32 10e32 10e32 10e32 10e32 10e32 -133.9178 -133.66983 -133.41428 -133.15874 -132.89503 -132.63013 -132.36522 -132.09978 -131.83426 -131.56874 -131.29524 -130.9996 -130.71855 -130.4375 -130.15645 -129.8754 -129.59435 -129.3133 -129.03224 -128.75356 -128.48195 -128.20992 -127.94914 -127.67746 -127.39277 -127.10808 -126.82339 -126.5387 -126.254005 -125.969315 -125.68462 -125.39994 -125.11525 -124.83056 -124.54587 -124.27826 -124.01486 -123.75146 -123.49166 -123.22536 -122.95865 -122.69194 -122.425224 -122.151924 -121.87441
10e32 10e32 10e32 10e32 10e32 10e32 10e32 10e32 10e32 10e32 10e32 10e32 10e32 10e32 10e32 10e32 10e32 10e32 10e32 10e32 10e32 10e32 10e32 10e32 10e32 10e32 10e32 -133.5778 -133.31276 -133.04724 -132.78172 -132.5162 -132.25069 -131.98517 -131.71965 -131.4336 -131.13434 -130.84828 -130.56723 -130.28618 -130.00513 -129.72408 -129.44302 -129.16513 -128.8881 -128.61124 -128.339 -128.07312 -127.79481 -127.51338 -127.22902 -126.94465 -126.65998 -126.37529 -126.0906 -125.80591 -125.52122 -125.23653 -124.951836 -124.667145 -124.39754 -124.13413 -123.870735 -123.60267 -123.33578 -123.06985 -122.80319 -122.53648 -122.263275 -121.97165
10e32 10e32 10e32 10e32 10e32 10e32 10e32 10e32 10e32 10e32 10e32 10e32 10e32 10e32 10e32 10e32 10e32 10e32 10e32 10e32 10e32 10e32 10e32 10e32 10e32 10e32 10e32 10e32 -133.46367 -133.19815 -132.93263 -132.66711 -132.4016 -132.13608 -131.87056 -131.57195 -131.27269 -130.97801 -130.69696 -130.41591 -130.13486 -129.8538 -129.5767 -129.29968 -129.02264 -128.7406 -128.45992 -128.18538 -127.90706 -127.628746 -127.34889 -127.06453 -126.78016 -126.4958 -126.211426 -125.92706 -125.642494 -125.3578 -125.07311 -124.78842 -124.51681 -124.25249 -123.981895 -123.711296 -123.44462 -123.17869 -122.91276 -122.64683 -122.35958 -122.06467
10e32 10e32 10e32 10e32 10e32 10e32 10e32 10e32 10e32 10e32 10e32 10e32 10e32 10e32 10e32 10e32 10e32 10e32 10e32 10e32 10e32 10e32 10e32 10e32 10e32 10e32 10e32 10e32 10e32 -133.34908 -133.08356 -132.81804 -132.5525 -132.28699 -132.00955 -131.7103 -131.41104 -131.1118 -130.82669 -130.54564 -130.2653 -129.98828 -129.71126 -129.43422 -129.1551 -128.87111 -128.58383 -128.29764 -128.01932 -127.741005 -127.46269 -127.18438 -126.90003 -126.61567 -126.33131 -126.046936 -125.76257 -125.4782 -125.19384 -124.90947 -124.631714 -124.36112 -124.09052 -123.81993 -123.55346 -123.28753 -123.0216 -122.73704 -122.44499 -122.15295
10e32 10e32 10e32 10e32 10e32 10e32 10e32 10e32 10e32 10e32 10e32 10e32 10e32 10e32 10e32 10e32 10e32 10e32 10e32 10e32 10e32 10e32 10e32 10e32 10e32 10e32 10e32 10e32 10e32 -133.49562 -133.23447 -132.96895 -132.70343 -132.43791 -132.1479 -131.84865 -131.54941 -131.25015 -130.95642 -130.67688 -130.39986 -130.12283 -129.8458 -129.56877 -129.28561 -129.00163 -128.70714 -128.4099 -128.13158 -127.853264 -127.57495 -127.29664 -127.01832 -126.73554 -126.45118 -126.16681 -125.88245 -125.59808 -125.31411 -125.0302 -124.74629 -124.46976 -124.19916 -123.928566 -123.66231 -123.39637 -123.11449 -122.82245 -122.5304 -122.23852
10e32 10e32 10e32 10e32 10e32 10e32 10e32 10e32 10e32 10e32 10e32 10e32 10e32 10e32 10e32 10e32 10e32 10e32 10e32 10e32 10e32 10e32 10e32 10e32 10e32 10e32 10e32 10e32 10e32 10e32 -133.37906 -133.11986 -132.85434 -132.58551 -132.28625 -131.98701 -131.68776 -131.38887 -131.09096 -130.81143 -130.5344 -130.25737 -129.98035 -129.70013 -129.41614 -129.13216 -128.83046 -128.52216 -128.24384 -127.96552 -127.68721 -127.40889 -127.13058 -126.852264 -126.57105 -126.28673 -126.002815 -125.71891 -125.435 -125.151085 -124.86718 -124.58327 -124.30779 -124.0372 -123.77115 -123.49194 -123.199905 -122.90786 -122.61582 -122.32522
10e32 10e32 10e32 10e32 10e32 10e32 10e32 10e32 10e32 10e32 10e32 10e32 10e32 10e32 10e32 10e32 10e32 10e32 10e32 10e32 10e32 10e32 10e32 10e32 10e32 10e32 10e32 10e32 10e32 10e32 -133.51505 -133.2625 -133.00525 -132.72386 -132.42468 -132.12677 -131.82884 -131.53093 -131.23302 -130.94597 -130.66895 -130.39192 -130.11464 -129.83064 -129.54666 -129.26266 -128.95378 -128.63846 -128.3561 -128.07777 -127.79946 -127.52115 -127.242836 -126.96452 -126.68554 -126.40595 -126.1237 -125.8398 -125.555885 -125.27197 -124.98807 -124.704155 -124.42025 -124.14592 -123.8694 -123.57736 -123.28532 -122.99327 -122.702446 -122.41193
10e32 10e32 10e32 10e32 10e32 10e32 10e32 10e32 10e32 10e32 10e32 10e32 10e32 10e32 10e32 10e32 10e32 10e32 10e32 10e32 10e32 10e32 10e32 10e32 10e32 10e32 10e32 10e32 10e32 10e32 10e32 -133.39848 -133.146 -132.86467 -132.56676 -132.26883 -131.97092 -131.673 -131.37509 -131.08052 -130.8035 -130.52647 -130.24515 -129.96117 -129.67717 -129.39244 -129.0771 -128.76178 -128.46835 -128.19003 -127.91172 -127.63341 -127.355095 -127.076225 -126.79663 -126.517044 -126.23746 -125.95786 -125.67677 -125.39286 -125.108955 -124.82504 -124.54114 -124.24953 -123.95481 -123.66277 -123.37073 -123.079666 -122.78915 -122.49863
10e32 10e32 10e32 10e32 10e32 10e32 10e32 10e32 10e32 10e32 10e32 10e32 10e32 10e32 10e32 10e32 10e32 10e32 10e32 10e32 10e32 10e32 10e32 10e32 10e32 10e32 10e32 10e32 10e32 10e32 10e32 10e32 -133.28482 -133.00673 -132.70882 -132.41089 -132.11298 -131.81506 -131.51715 -131.21924 -130.93805 -130.65965 -130.37567 -130.09167 -129.8077 -129.51576 -129.20042 -128.8851 -128.58061 -128.30229 -128.02397 -127.74567 -127.4669 -127.18732 -126.90772 -126.628136 -126.34855 -126.068954 -125.78937 -125.50978 -125.22984 -124.94593 -124.65248 -124.34697 -124.04111 -123.748184 -123.456894 -123.166374 -122.87585 -122.58533
10e32 10e32 10e32 10e32 10e32 10e32 10e32 10e32 10e32 10e32 10e32 10e32 10e32 10e32 10e32 10e32 10e32 10e32 10e32 10e32 10e32 10e32 10e32 10e32 10e32 10e32 10e32 10e32 10e32 10e32 10e32 10e32 -133.42363 -133.14879 -132.85088 -132.55296 -132.25505 -131.95714 -131.65923 -131.36131 -131.07259 -130.79018 -130.5062 -130.2222 -129.9382 -129.63908 -129.32375 -129.00842 -128.6931 -128.41455 -128.13623 -127.85758 -127.577995 -127.29841 -127.018814 -126.73923 -126.45964 -126.180046 -125.90046 -125.61952 -125.334816 -125.05011 -124.74999 -124.444405 -124.13854 -123.834114 -123.543594 -123.253075 -122.962555 -122.672035
10e32 10e32 10e32 10e32 10e32 10e32 10e32 10e32 10e32 10e32 10e32 10e32 10e32 10e32 10e32 10e32 10e32 10e32 10e32 10e32 10e32 10e32 10e32 10e32 10e32 10e32 10e32 10e32 10e32 10e32 10e32 10e32 10e32 -133.29086 -132.99295 -132.69504 -132.39713 -132.0992 -131.80128 -131.5053 -131.20976 -130.9207 -130.6367 -130.35272 -130.06873 -129.76239 -129.44707 -129.13174 -128.8164 -128.52681 -128.24826 -127.96867 -127.68909 -127.4095 -127.129906 -126.846596 -126.56189 -126.27718 -125.99248 -125.70777 -125.423065 -125.13836 -124.84751 -124.54184 -124.236176 -123.930695 -123.6303 -123.339775 -123.049255 -122.758736
10e32 10e32 10e32 10e32 10e32 10e32 10e32 10e32 10e32 10e32 10e32 10e32 10e32 10e32 10e32 10e32 10e32 10e32 10e32 10e32 10e32 10e32 10e32 10e32 10e32 10e32 10e32 10e32 10e32 10e32 10e32 10e32 10e32 10e32 -133.13834 -132.8428 -132.54727 -132.25174 -131.95619 -131.66066 -131.36513 -131.0696 -130.77406 -130.48323 -130.19925 -129.88571 -129.57039 -129.25507 -128.93973 -128.63895 -128.35837 -128.07367 -127.78896 -127.50426 -127.21955 -126.934845 -126.65014 -126.36543 -126.08073 -125.79602 -125.511314 -125.22661 -124.9419 -124.63951 -124.33403 -124.02855 -123.72307 -123.42648 -123.13596 -122.845436
10e32 10e32 10e32 10e32 10e32 10e32 10e32 10e32 10e32 10e32 10e32 10e32 10e32 10e32 10e32 10e32 10e32 10e32 10e32 10e32 10e32 10e32 10e32 10e32 10e32 10e32 10e32 10e32 10e32 10e32 10e32 10e32 10e32 10e32 -133.28152 -132.99197 -132.70241 -132.4071 -132.11157 -131.81604 -131.52051 -131.22305 -130.9248 -130.62657 -130.32076 -130.005 -129.68901 -129.37303 -129.05704 -128.74333 -128.44662 -128.16191 -127.87721 -127.59251 -127.3078 -127.023094 -126.73839 -126.45368 -126.168976 -125.88427 -125.59956 -125.31822 -125.03785 -124.73668 -124.43189 -124.12641 -123.82093 -123.51545 -123.222664 -122.932144
10e32 10e32 10e32 10e32 10e32 10e32 10e32 10e32 10e32 10e32 10e32 10e32 10e32 10e32 10e32 10e32 10e32 10e32 10e32 10e32 10e32 10e32 10e32 10e32 10e32 10e32 10e32 10e32 10e32 10e32 10e32 10e32 10e32 10e32 10e32 -133.12682 -132.83725 -132.54591 -132.24767 -131.94942 -131.65117 -131.35294 -131.05469 -130.74957 -130.4346 -130.11963 -129.80368 -129.4877 -129.17244 -128.85966 -128.54689 -128.25017 -127.96546 -127.680756 -127.39605 -127.11134 -126.82664 -126.54193 -126.25766 -125.97729 -125.696915 -125.41654 -125.13617 -124.83247 -124.52837 -124.22427 -123.91879 -123.61331 -123.309364 -123.018845
10e32 10e32 10e32 10e32 10e32 10e32 10e32 10e32 10e32 10e32 10e32 10e32 10e32 10e32 10e32 10e32 10e32 10e32 10e32 10e32 10e32 10e32 10e32 10e32 10e32 10e32 10e32 10e32 10e32 10e32 10e32 10e32 10e32 10e32 10e32 -133.26167 -132.9721 -132.67578 -132.37753 -132.07928 -131.78105 -131.4828 -131.1784 -130.86343 -130.54846 -130.23349 -129.91837 -129.60237 -129.28879 -128.97601 -128.66322 -128.35045 -128.05371 -127.769005 -127.4843 -127.19959 -126.916725 -126.63635 -126.35598 -126.07561 -125.795235 -125.51486 -125.23236 -124.92826 -124.62416 -124.32006 -124.01596 -123.71117 -123.405685 -123.105545
