test/UKGEOS_Glasgow/EXPORTS/ASCII(5mCell)/MineWorkings/Probable/Workings_Probable_GlasgowMainCoal_50m_GGERFS_Predrill(5m).asc
ncols 221
nrows 188
xllcenter 260000.0
yllcenter 662611.0
cellsize 5.0
nodata_value 10e32
[rows 31 to 61 of 188, columns 70 to 139 of 221]
-117.11044 -117.201355 -117.28449 -117.31867 -117.35285 -117.38704 -117.42122 -117.4554 -117.48958 -117.509796 -117.566055 -117.619514 -117.67297 -117.72643 -117.74536 -117.7335 -117.72163 -117.7072 -117.704926 -117.70265 -117.70114 -117.70027 -117.68776 -117.66041 -117.63307 -117.605736 -117.57841 -117.55879 -117.540436 -117.52208 -117.48996 -117.45201 -117.41407 -117.376114 -117.34284 -117.31794 -117.29304 -117.268135 -117.24323 -117.21833 -117.21754 -117.22613 -117.234695 -117.24326 -117.244705 -117.225685 -117.206665 -117.18765 -117.16863 -117.14168 -117.08759 -117.04838 -116.9674 -116.861206 -116.79526 -116.71511 -116.634964 -116.554825 -116.47468 -116.39454 -116.31439 -116.23438 -116.15523 -116.07607 -116.0055 -115.948364 -115.89123 -115.83409 -115.79886 -115.78156
-117.74823 -117.84119 -117.93134 -118.02101 -118.05519 -118.08937 -118.12355 -118.15773 -118.19191 -118.2185 -118.27318 -118.32664 -118.3801 -118.433556 -118.487015 -118.50945 -118.49758 -118.48233 -118.47984 -118.47757 -118.46663 -118.43928 -118.41193 -118.3846 -118.35726 -118.32993 -118.30529 -118.286934 -118.268585 -118.25023 -118.229004 -118.191055 -118.153114 -118.115166 -118.07722 -118.051796 -118.02689 -118.00342 -118.012 -118.02059 -118.029175 -118.03774 -118.04631 -118.05488 -118.063446 -118.0423 -117.98644 -117.93059 -117.87474 -117.818886 -117.76417 -117.7105 -117.615486 -117.51343 -117.43617 -117.342834 -117.270355 -117.197876 -117.1254 -117.05292 -116.98043 -116.90768 -116.82754 -116.75247 -116.69534 -116.63821 -116.58107 -116.52393 -116.48893 -116.471634
-118.386024 -118.480515 -118.571175 -118.66132 -118.75147 -118.7917 -118.82588 -118.86006 -118.89424 -118.926834 -118.98029 -119.03375 -119.08721 -119.14067 -119.19414 -119.2476 -119.27325 -119.257835 -119.25475 -119.223785 -119.190796 -119.16345 -119.136116 -119.10879 -119.08146 -119.05413 -119.03343 -119.01508 -118.99673 -118.97837 -118.960014 -118.9301 -118.89215 -118.85421 -118.81626 -118.79788 -118.80647 -118.81506 -118.82365 -118.83222 -118.84079 -118.84936 -118.85065 -118.80948 -118.76807 -118.719505 -118.66365 -118.607796 -118.55195 -118.4961 -118.44153 -118.35495 -118.253105 -118.156654 -118.06284 -117.96904 -117.87523 -117.8007 -117.72822 -117.65574 -117.58326 -117.51078 -117.4383 -117.370125 -117.35728 -117.32804 -117.270905 -117.213776 -117.17899 -117.13656
-118.97162 -119.072235 -119.18922 -119.30116 -119.39131 -119.48146 -119.52822 -119.5624 -119.59658 -119.63396 -119.687416 -119.740875 -119.794334 -119.84779 -119.90125 -119.93533 -119.96407 -119.988686 -119.98193 -119.944336 -119.91498 -119.88764 -119.86031 -119.832985 -119.80566 -119.77993 -119.76158 -119.743225 -119.72487 -119.70651 -119.688156 -119.67904 -119.65215 -119.62416 -119.59968 -119.60953 -119.61812 -119.6267 -119.63528 -119.643845 -119.60577 -119.5646 -119.52343 -119.48226 -119.44008 -119.39671 -119.34086 -119.28501 -119.22916 -119.173325 -119.09701 -118.996666 -118.896545 -118.80328 -118.70107 -118.59706 -118.50191 -118.4081 -118.33105 -118.25856 -118.18608 -118.1136 -118.04112 -117.96864 -117.93974 -117.926895 -117.91404 -117.90119 -117.82564 -117.696075
-119.54395 -119.657715 -119.77469 -119.89167 -120.008644 -120.1213 -120.21145 -120.26473 -120.29891 -120.34107 -120.39453 -120.44799 -120.49852 -120.52726 -120.55156 -120.57507 -120.59858 -120.622086 -120.62444 -120.61712 -120.63791 -120.61118 -120.584465 -120.557175 -120.52985 -120.50808 -120.491 -120.48228 -120.47355 -120.46483 -120.45611 -120.4474 -120.43869 -120.41226 -120.41072 -120.4208 -120.429756 -120.402054 -120.360886 -120.31972 -120.27855 -120.23738 -120.19621 -120.155045 -120.11209 -120.0691 -120.018074 -119.96222 -119.90637 -119.841354 -119.741974 -119.64185 -119.54174 -119.448784 -119.35834 -119.25435 -119.15035 -119.04636 -118.94234 -118.86139 -118.78891 -118.71643 -118.64395 -118.57147 -118.52221 -118.50936 -118.496506 -118.48366 -118.385155 -118.2556
-120.12621 -120.243195 -120.36017 -120.47714 -120.594124 -120.7111 -120.82807 -120.94143 -121.00124 -121.048195 -121.09044 -121.11444 -121.13795 -121.16146 -121.18497 -121.20847 -121.23198 -121.25549 -121.26314 -121.25581 -121.24862 -121.287834 -121.305405 -121.27868 -121.25565 -121.26807 -121.259346 -121.250626 -121.2419 -121.233185 -121.22447 -121.21576 -121.206 -121.16641 -121.14778 -121.1293 -121.110825 -121.07483 -121.03366 -120.99249 -120.951324 -120.91016 -120.86899 -120.827095 -120.7841 -120.74111 -120.69528 -120.63943 -120.580765 -120.48728 -120.38716 -120.28705 -120.18694 -120.09429 -120.00997 -119.91161 -119.807625 -119.70363 -119.59964 -119.49564 -119.39173 -119.31925 -119.24677 -119.17429 -119.104675 -119.09183 -119.07897 -119.06613 -118.94468 -118.8109
-120.71169 -120.82867 -120.94565 -121.06262 -121.179596 -121.29658 -121.41355 -121.52664 -121.632225 -121.70085 -121.724335 -121.74784 -121.771355 -121.79486 -121.81837 -121.84188 -121.86539 -121.88889 -121.90183 -121.89451 -121.88719 -121.89823 -121.93744 -121.976654 -121.99637 -122.00958 -122.02279 -122.01897 -122.010254 -121.979614 -121.933464 -121.88731 -121.841156 -121.8125 -121.79239 -121.77378 -121.7553 -121.736824 -121.70644 -121.665276 -121.62411 -121.58294 -121.54177 -121.49911 -121.456116 -121.413124 -121.370125 -121.31664 -121.22908 -121.13247 -121.03236 -120.93225 -120.83214 -120.7398 -120.65548 -120.5697 -120.46489 -120.3609 -120.256905 -120.152916 -120.04893 -119.94493 -119.8496 -119.77712 -119.70464 -119.67429 -119.661446 -119.63376 -119.504196 -119.35771
-121.29717 -121.41415 -121.53112 -121.64197 -121.75241 -121.86285 -121.96826 -122.07051 -122.17319 -122.26442 -122.355644 -122.38154 -122.404755 -122.42826 -122.451775 -122.47528 -122.49879 -122.5223 -122.54052 -122.5332 -122.52589 -122.51857 -122.54784 -122.5867 -122.61674 -122.646774 -122.66955 -122.67963 -122.66093 -122.61477 -122.56862 -122.52247 -122.47869 -122.45858 -122.43848 -122.418365 -122.39978 -122.3813 -122.36282 -122.33806 -122.29689 -122.25572 -122.21412 -122.17112 -122.12813 -122.08514 -122.03675 -121.9685 -121.877396 -121.777664 -121.67756 -121.577446 -121.47734 -121.38531 -121.30099 -121.25067 -121.14217 -121.033676 -120.92518 -120.81668 -120.70818 -120.6022 -120.498215 -120.39422 -120.307465 -120.25676 -120.24392 -120.19328 -120.059326 -119.904526
-121.86774 -121.97818 -122.088615 -122.19906 -122.304306 -122.40655 -122.50878 -122.61102 -122.71389 -122.80512 -122.896355 -122.98759 -123.04042 -123.06222 -123.085175 -123.10868 -123.132195 -123.1557 -123.17921 -123.1719 -123.16458 -123.157265 -123.158226 -123.19297 -123.214005 -123.22259 -123.23117 -123.239746 -123.26229 -123.24993 -123.20377 -123.15762 -123.12477 -123.10467 -123.08456 -123.06445 -123.04435 -123.02579 -123.0073 -122.98882 -122.969666 -122.9285 -122.88613 -122.84313 -122.775154 -122.70194 -122.634674 -122.59525 -122.52297 -122.42286 -122.322754 -122.22265 -122.12254 -122.030815 -121.97221 -121.93164 -121.82314 -121.714645 -121.60615 -121.49765 -121.38915 -121.280655 -121.17216 -121.06366 -120.95516 -120.850586 -120.82639 -120.747574 -120.60025 -120.45135
-122.42483 -122.53526 -122.64034 -122.742584 -122.844826 -122.94706 -123.0493 -123.15506 -123.25459 -123.34582 -123.43705 -123.52829 -123.61952 -123.6993 -123.7211 -123.7429 -123.765594 -123.7891 -123.812614 -123.81059 -123.803276 -123.79596 -123.76538 -123.767044 -123.77563 -123.7842 -123.792786 -123.80137 -123.82086 -123.84496 -123.838936 -123.79278 -123.77086 -123.75075 -123.730644 -123.71054 -123.69043 -123.668274 -123.64309 -123.62277 -123.60245 -123.58213 -123.51356 -123.440346 -123.36713 -123.293915 -123.225555 -123.17366 -123.118004 -123.04401 -122.96796 -122.86785 -122.76774 -122.67998 -122.65012 -122.54105 -122.44027 -122.34306 -122.24586 -122.14865 -122.051445 -121.95424 -121.85313 -121.74463 -121.63613 -121.52763 -121.42594 -121.25883 -121.11649 -120.97417
-122.97638 -123.07862 -123.18086 -123.283104 -123.38534 -123.48757 -123.58981 -123.70539 -123.795296 -123.88652 -123.97775 -124.068985 -124.160225 -124.25146 -124.34269 -124.379974 -124.40177 -124.42357 -124.446014 -124.44928 -124.409065 -124.35961 -124.32701 -124.32867 -124.33724 -124.345825 -124.35441 -124.36299 -124.37943 -124.40353 -124.42763 -124.43138 -124.39674 -124.3621 -124.32746 -124.29282 -124.25819 -124.256325 -124.274315 -124.21334 -124.167015 -124.1467 -124.10553 -124.03232 -123.95359 -123.86029 -123.78297 -123.73107 -123.67918 -123.60803 -123.534035 -123.46004 -123.38604 -123.286644 -123.17578 -123.06672 -122.95766 -122.85618 -122.75898 -122.66177 -122.56457 -122.46736 -122.370155 -122.27295 -122.17574 -122.078545 -121.93957 -121.755455 -121.61313 -121.469696
-123.5169 -123.61914 -123.72138 -123.823616 -123.92585 -124.02809 -124.130325 -124.254684 -124.336 -124.42722 -124.518456 -124.60969 -124.70092 -124.79216 -124.88339 -124.974625 -125.03886 -125.04044 -125.031296 -125.0033 -124.95385 -124.904396 -124.89098 -124.8903 -124.89887 -124.90745 -124.91603 -124.92461 -124.938 -124.9621 -124.9862 -124.992485 -124.95785 -124.92321 -124.88857 -124.85393 -124.81929 -124.84437 -124.885025 -124.87861 -124.817635 -124.75666 -124.69569 -124.61208 -124.52481 -124.4163 -124.34038 -124.28848 -124.23658 -124.17206 -124.09806 -124.02406 -123.9423 -123.82785 -123.71668 -123.60552 -123.494354 -123.38355 -123.286865 -123.19018 -123.09349 -122.9968 -122.900116 -122.80343 -122.70674 -122.60839 -122.44729 -122.25926 -122.109764 -121.9637
-124.05742 -124.15965 -124.261894 -124.36413 -124.46636 -124.568596 -124.68022 -124.79491 -124.8767 -124.967926 -125.05916 -125.15039 -125.24162 -125.332855 -125.42409 -125.50746 -125.57295 -125.57719 -125.56804 -125.54808 -125.49863 -125.46349 -125.454956 -125.45192 -125.460495 -125.46907 -125.477646 -125.48623 -125.49657 -125.52067 -125.54119 -125.55359 -125.51895 -125.484314 -125.44968 -125.41504 -125.39176 -125.43241 -125.47307 -125.44543 -125.37904 -125.310104 -125.24116 -125.17651 -125.09003 -124.97231 -124.89779 -124.845894 -124.79399 -124.73608 -124.66208 -124.58809 -124.48239 -124.369064 -124.2579 -124.14673 -124.03557 -123.92441 -123.82337 -123.726685 -123.63 -123.5333 -123.436615 -123.33993 -123.24324 -123.09939 -122.93828 -122.76838 -122.60639 -122.4577
-124.59793 -124.70017 -124.80241 -124.90464 -125.006874 -125.10911 -125.23056 -125.33513 -125.417404 -125.50863 -125.59986 -125.69109 -125.782326 -125.87356 -125.94787 -126.01336 -126.07885 -126.115105 -126.10478 -126.092865 -126.04341 -126.027466 -126.01893 -126.01355 -126.022125 -126.0307 -126.039276 -126.04785 -126.05643 -126.07924 -126.094406 -126.1075 -126.080055 -126.04542 -126.01078 -125.97614 -125.979805 -126.02046 -126.036194 -125.983635 -125.921265 -125.85411 -125.785164 -125.72073 -125.64198 -125.52832 -125.4552 -125.4033 -125.3514 -125.29951 -125.226105 -125.14427 -125.022484 -124.91027 -124.79911 -124.68795 -124.57679 -124.46563 -124.35987 -124.26318 -124.1665 -124.06981 -123.97312 -123.876434 -123.75148 -123.59038 -123.429276 -123.268166 -123.10303 -122.951706
10e32 10e32 10e32 10e32 -125.547386 -125.65505 -125.78089 -125.87536 -125.95811 -126.04933 -126.140564 -126.2318 -126.32278 -126.38827 -126.453766 -126.51926 -126.58475 -126.62613 -126.64256 -126.632385 -126.59997 -126.59144 -126.5829 -126.57518 -126.583755 -126.59232 -126.6009 -126.609474 -126.61805 -126.634514 -126.64761 -126.66071 -126.64116 -126.60652 -126.571884 -126.53725 -126.567856 -126.59368 -126.58422 -126.52185 -126.45947 -126.3971 -126.329216 -126.26496 -126.18664 -126.07998 -126.01261 -125.96071 -125.90881 -125.85692 -125.79013 -125.684364 -125.56265 -125.451485 -125.340324 -125.229164 -125.118004 -125.00684 -124.89638 -124.79969 -124.703 -124.606316 -124.50963 -124.40358 -124.24248 -124.081375 -123.920265 -123.75916 -123.59878 -123.44572
10e32 10e32 10e32 10e32 10e32 10e32 -126.33123 -126.41558 -126.49882 -126.590034 -126.68127 -126.76318 -126.828674 -126.894165 -126.945885 -126.98501 -127.02414 -127.06326 -127.102394 -127.14448 -127.16394 -127.15541 -127.14687 -127.138336 -127.14538 -127.15395 -127.16253 -127.17258 -127.186134 -127.18773 -127.20082 -127.21392 -127.20227 -127.16763 -127.13299 -127.11524 -127.15118 -127.15149 -127.12244 -127.06006 -126.99768 -126.93531 -126.87334 -126.80918 -126.73129 -126.62463 -126.555466 -126.508675 -126.46188 -126.41433 -126.346245 -126.22055 -126.08619 -125.99271 -125.881546 -125.770386 -125.659225 -125.548065 -125.436905 -125.3362 -125.2395 -125.142815 -125.04613 -124.89458 -124.73347 -124.572365 -124.41126 -124.25015 -124.09145 -123.93973
10e32 10e32 10e32 10e32 10e32 10e32 10e32 10e32 -127.03952 -127.13073 -127.20359 -127.26563 -127.30476 -127.343895 -127.38513 -127.43314 -127.481155 -127.52916 -127.57717 -127.62301 -127.638214 -127.65194 -127.66538 -127.67883 -127.71554 -127.729095 -127.74265 -127.75621 -127.76977 -127.75098 -127.754036 -127.76713 -127.763374 -127.72874 -127.6941 -127.70329 -127.708984 -127.7093 -127.660645 -127.598274 -127.5359 -127.47352 -127.41145 -127.3534 -127.275955 -127.16929 -127.096245 -127.04945 -127.002655 -126.941246 -126.82861 -126.689445 -126.55203 -126.48091 -126.40979 -126.3116 -126.20044 -126.08928 -125.97812 -125.872696 -125.77601 -125.67932 -125.54667 -125.38557 -125.224464 -125.063354 -124.902245 -124.741135 -124.58311 -124.43475
10e32 10e32 10e32 10e32 10e32 10e32 10e32 10e32 10e32 10e32 10e32 -127.72181 -127.76981 -127.817825 -127.86584 -127.91384 -127.96185 -128.00986 -128.05788 -128.09297 -128.10817 -128.12323 -128.13667 -128.15012 -128.21663 -128.29356 -128.3263 -128.33984 -128.35341 -128.32848 -128.30724 -128.32034 -128.32448 -128.28984 -128.2552 -128.26646 -128.26678 -128.25241 -128.19885 -128.13649 -128.07411 -128.01173 -127.94957 -127.89524 -127.82061 -127.713936 -127.63702 -127.590225 -127.51204 -127.40113 -127.29022 -127.15833 -127.019165 -126.94676 -126.87564 -126.80452 -126.7334 -126.6305 -126.51934 -126.4092 -126.312515 -126.19877 -126.03767 -125.87656 -125.71545 -125.554344 -125.393234 -125.232124 -125.07476 -124.89651
10e32 10e32 10e32 10e32 10e32 10e32 10e32 10e32 10e32 10e32 10e32 10e32 10e32 -128.29852 -128.34654 -128.39455 -128.44255 -128.49057 -128.53857 -128.56293 -128.57812 -128.59334 -128.60796 -128.6214 -128.68971 -128.76665 -128.84357 -128.9205 -128.93228 -128.90599 -128.87971 -128.87355 -128.88559 -128.85095 -128.82396 -128.82428 -128.78912 -128.74355 -128.69797 -128.6524 -128.60683 -128.54994 -128.48769 -128.43335 -128.35747 -128.25859 -128.1778 -128.08284 -127.971924 -127.861015 -127.75011 -127.62723 -127.48806 -127.41261 -127.34149 -127.27037 -127.19925 -127.12813 -127.05701 -126.9494 -126.849014 -126.68976 -126.528656 -126.367546 -126.197464 -126.02107 -125.84469 -125.6683 -125.48303 -125.290146
10e32 10e32 10e32 10e32 10e32 10e32 10e32 10e32 10e32 10e32 10e32 10e32 10e32 10e32 10e32 -128.87524 -128.92326 -128.97127 -129.01767 -129.03288 -129.04808 -129.0633 -129.07849 -129.09268 -129.1628 -129.23973 -129.31665 -129.39359 -129.45503 -129.45425 -129.45348 -129.43094 -129.43985 -129.39241 -129.3714 -129.32584 -129.28026 -129.23468 -129.18912 -129.13692 -129.08134 -129.02579 -128.96928 -128.89432 -128.8112 -128.72914 -128.65027 -128.54271 -128.43181 -128.32089 -128.20999 -128.09612 -127.95695 -127.87846 -127.80734 -127.73622 -127.66509 -127.59397 -127.52285 -127.45173 -127.3142 -127.13782 -126.961426 -126.785034 -126.60865 -126.43226 -126.255875 -126.07948 -125.89142 -125.68774
10e32 10e32 10e32 10e32 10e32 10e32 10e32 10e32 10e32 10e32 10e32 10e32 10e32 10e32 10e32 10e32 10e32 -129.45197 -129.48763 -129.50284 -129.51804 -129.53325 -129.54845 -129.56366 -129.63586 -129.7128 -129.78973 -129.86667 -129.92639 -129.92561 -129.92484 -129.92406 -129.91528 -129.8714 -129.81583 -129.76027 -129.7047 -129.64912 -129.59355 -129.538 -129.48242 -129.42685 -129.36815 -129.30666 -129.23474 -129.15587 -129.077 -128.99812 -128.8917 -128.78078 -128.66988 -128.55896 -128.42584 -128.34431 -128.2732 -128.20207 -128.13095 -128.05983 -127.9887 -127.861725 -127.72538 -127.548996 -127.37261 -127.19622 -127.01984 -126.84345 -126.66706 -126.487175 -126.29152 -126.08533
10e32 10e32 10e32 10e32 10e32 10e32 10e32 10e32 10e32 10e32 10e32 10e32 10e32 10e32 10e32 10e32 10e32 10e32 10e32 -129.9728 -129.98799 -130.0032 -130.0184 -130.03362 -130.10748 -130.18588 -130.26282 -130.33975 -130.39775 -130.39699 -130.39621 -130.39182 -130.3365 -130.27713 -130.2169 -130.16133 -130.10576 -130.0502 -129.99463 -129.93906 -129.88348 -129.82793 -129.76703 -129.70445 -129.64023 -129.57599 -129.50371 -129.42484 -129.34596 -129.24066 -129.12976 -129.01884 -128.89473 -128.81017 -128.73904 -128.66792 -128.5968 -128.52567 -128.392 -128.25769 -128.12337 -127.96017 -127.78378 -127.6074 -127.431015 -127.25463 -127.07825 -126.887276 -126.69162 -126.48292
10e32 10e32 10e32 10e32 10e32 10e32 10e32 10e32 10e32 10e32 10e32 10e32 10e32 10e32 10e32 10e32 10e32 10e32 10e32 10e32 10e32 -130.47316 -130.48836 -130.50357 -130.57597 -130.65695 -130.7359 -130.81284 -130.86913 -130.86835 -130.85744 -130.79546 -130.73383 -130.68304 -130.61797 -130.56241 -130.50684 -130.45126 -130.39569 -130.34013 -130.28456 -130.2274 -130.16591 -130.10182 -130.0376 -129.97337 -129.90915 -129.84492 -129.77269 -129.6938 -129.58965 -129.47873 -129.36363 -129.276 -129.20488 -129.13376 -129.0566 -128.92229 -128.78796 -128.65366 -128.51933 -128.37135 -128.19496 -128.01859 -127.84219 -127.66581 -127.48303 -127.28738 -127.09172 -126.88051
10e32 10e32 10e32 10e32 10e32 10e32 10e32 10e32 10e32 10e32 10e32 10e32 10e32 10e32 10e32 10e32 10e32 10e32 10e32 10e32 10e32 10e32 10e32 -130.97353 -131.04448 -131.12546 -131.20644 -131.2859 -131.34048 -131.32307 -131.2611 -131.19911 -131.13713 -131.08037 -131.01904 -130.96347 -130.9079 -130.85234 -130.79677 -130.7412 -130.68564 -130.62628 -130.56342 -130.49919 -130.43497 -130.37074 -130.30652 -130.2423 -130.17807 -130.11385 -130.04166 -129.93861 -129.8277 -129.74185 -129.67073 -129.58687 -129.45256 -129.31824 -129.18393 -129.0496 -128.9153 -128.78098 -128.60614 -128.42975 -128.25337 -128.07393 -127.88313 -127.68748 -127.49182 -127.2781
10e32 10e32 10e32 10e32 10e32 10e32 10e32 10e32 10e32 10e32 10e32 10e32 10e32 10e32 10e32 10e32 10e32 10e32 10e32 10e32 10e32 10e32 10e32 10e32 -131.51297 -131.59395 -131.67493 -131.7559 -131.7887 -131.72672 -131.66475 -131.60277 -131.54079 -131.4788 -131.4201 -131.36455 -131.30898 -131.2534 -131.19785 -131.14227 -131.08665 -131.02502 -130.9608 -130.89658 -130.83235 -130.76811 -130.70389 -130.63966 -130.57544 -130.51122 -130.44699 -130.3855 -130.29323 -130.2077 -130.11714 -129.98283 -129.84851 -129.7142 -129.57988 -129.44557 -129.31125 -129.17694 -129.01732 -128.84093 -128.66235 -128.47888 -128.28323 -128.08757 -127.89192 -127.67569
10e32 10e32 10e32 10e32 10e32 10e32 10e32 10e32 10e32 10e32 10e32 10e32 10e32 10e32 10e32 10e32 10e32 10e32 10e32 10e32 10e32 10e32 10e32 10e32 10e32 10e32 -132.07545 -132.12793 -132.14778 -132.13037 -132.06839 -132.00642 -131.94444 -131.88246 -131.82402 -131.76561 -131.71005 -131.65448 -131.5989 -131.54333 -131.48553 -131.4224 -131.35817 -131.29395 -131.22972 -131.1655 -131.10127 -131.03705 -130.97281 -130.9143 -130.85791 -130.8015 -130.7451 -130.65303 -130.52121 -130.38387 -130.24652 -130.11017 -129.97585 -129.84154 -129.70721 -129.5729 -129.4285 -129.25076 -129.06863 -128.879 -128.68333 -128.48767 -128.29202 -128.07329
10e32 10e32 10e32 10e32 10e32 10e32 10e32 10e32 10e32 10e32 10e32 10e32 10e32 10e32 10e32 10e32 10e32 10e32 10e32 10e32 10e32 10e32 10e32 10e32 10e32 10e32 10e32 10e32 -132.49329 -132.48721 -132.47205 -132.41006 -132.3481 -132.28612 -132.22414 -132.16669 -132.11111 -132.05554 -131.99998 -131.94441 -131.884 -131.81978 -131.75554 -131.69131 -131.62709 -131.56287 -131.49951 -131.44312 -131.38672 -131.3303 -131.27388 -131.19092 -131.10655 -130.9994 -130.88197 -130.75768 -130.6381 -130.51852 -130.38751 -130.25017 -130.11281 -129.97546 -129.83736 -129.65709 -129.47475 -129.27908 -129.08344 -128.88321 -128.67499 -128.46677
10e32 10e32 10e32 10e32 10e32 10e32 10e32 10e32 10e32 10e32 10e32 10e32 10e32 10e32 10e32 10e32 10e32 10e32 10e32 10e32 10e32 10e32 10e32 10e32 10e32 10e32 10e32 10e32 10e32 -132.83272 -132.82664 -132.81372 -132.75174 -132.68976 -132.62779 -132.56842 -132.51219 -132.45662 -132.40105 -132.34479 -132.28137 -132.21715 -132.15292 -132.0887 -132.02832 -131.97192 -131.91553 -131.85912 -131.79988 -131.71693 -131.63397 -131.55101 -131.45918 -131.35202 -131.2407 -131.11621 -130.9917 -130.86719 -130.74274 -130.62317 -130.50359 -130.384 -130.24086 -130.05408 -129.84987 -129.6419 -129.43394 -129.22597 -129.018 -128.81003
10e32 10e32 10e32 10e32 10e32 10e32 10e32 10e32 10e32 10e32 10e32 10e32 10e32 10e32 10e32 10e32 10e32 10e32 10e32 10e32 10e32 10e32 10e32 10e32 10e32 10e32 10e32 10e32 10e32 10e32 10e32 -133.16608 -133.1554 -133.09341 -133.03143 -132.97343 -132.91466 -132.85768 -132.80212 -132.74298 -132.67874 -132.61452 -132.55713 -132.50073 -132.44434 -132.38792 -132.3259 -132.24294 -132.15999 -132.07703 -131.99406 -131.9111 -131.81178 -131.70464 -131.59566 -131.47495 -131.35043 -131.22594 -131.10143 -130.97691 -130.85242 -130.7279 -130.58298 -130.39214 -130.18481 -129.97949 -129.77151 -129.56355 -129.35559 -129.14761
10e32 10e32 10e32 10e32 10e32 10e32 10e32 10e32 10e32 10e32 10e32 10e32 10e32 10e32 10e32 10e32 10e32 10e32 10e32 10e32 10e32 10e32 10e32 10e32 10e32 10e32 10e32 10e32 10e32 10e32 10e32 10e32 10e32 -133.49707 -133.43509 -133.37312 -133.31967 -133.2609 -133.20319 -133.14233 -133.08594 -133.02954 -132.97313 -132.91673 -132.85191 -132.76895 -132.68599 -132.60304 -132.52008 -132.43712 -132.35416 -132.27045 -132.1644 -132.05725 -131.94827 -131.83368 -131.70918 -131.58467 -131.46016 -131.33566 -131.21115 -131.03809 -130.8681 -130.70265 -130.52415 -130.31555 -130.1091 -129.90114 -129.69316 -129.4852
10e32 10e32 10e32 10e32 10e32 10e32 10e32 10e32 10e32 10e32 10e32 10e32 10e32 10e32 10e32 10e32 10e32 10e32 10e32 10e32 10e32 10e32 10e32 10e32 10e32 10e32 10e32 10e32 10e32 10e32 10e32 10e32 10e32 10e32 -133.83873 -133.77676 -133.7247 -133.66591 -133.61475 -133.55835 -133.50194 -133.44554 -133.37793 -133.29497 -133.212 -133.12904 -133.0461 -132.96313 -132.88017 -132.79721 -132.71426 -132.62306 -132.51701 -132.40987 -132.30089 -132.19191 -132.06792 -131.9434 -131.81891 -131.6782 -131.50209 -131.32596 -131.15508 -130.98892 -130.82278 -130.65616 -130.44629 -130.23871 -130.03075 -129.82278
