test/UKGEOS_Glasgow/EXPORTS/ASCII(5mCell)/MineWorkings/Probable/Workings_Probable_KiltongueCoall_50m_GGERFS_Predrill(5m).asc
ncols 161
nrows 103
xllcenter 260550.03
yllcenter 664485.7
cellsize 5.0
nodata_value 10e32
[rows 27 to 53 of 103, columns 0 to 59 of 161]
10e32 10e32 10e32 10e32 10e32 10e32 10e32 10e32 10e32 1.3426368 1.2089058 1.0755255 0.9216097 0.60588706 0.2715428 -0.06160734 -0.38060543 -0.7534465 -1.1262876 -1.4991287 -1.8656175 -2.161248 -2.4994714 -2.860431 -3.2900658 -3.7177286 -4.1291275 -4.540527 -4.951925 -5.3633184 -5.774712 -6.210183 -6.647523 -6.9556103 -7.2636976 -7.571785 -7.8798723 -8.18796 -8.522833 -8.869261 -9.227889 -9.586516 -9.945145 -10.303774 -10.662404 -11.021033 -11.3796625 -11.707992 -12.023988 -12.375023 -12.751573 -13.128122 -13.504673 -13.881225 -14.257776 -14.634328 -15.0108795 -15.387431 -15.763983 -16.140543
10e32 10e32 10e32 10e32 10e32 10e32 10e32 10e32 10e32 0.8170099 0.69592947 0.56622493 0.44584116 0.19761652 -0.116157286 -0.46071646 -0.7906575 -1.1159649 -1.4729033 -1.8298415 -2.2048464 -2.5839362 -2.9142349 -3.3407922 -3.7751086 -4.196962 -4.6083612 -5.01976 -5.431159 -5.8425574 -6.253951 -6.679803 -7.1190186 -7.5525074 -7.8605947 -8.168682 -8.476769 -8.7862625 -9.132353 -9.478443 -9.824534 -10.17522 -10.533847 -10.892475 -11.251102 -11.609731 -11.968358 -12.326986 -12.68783 -13.062062 -13.436295 -13.810527 -14.186912 -14.563463 -14.940015 -15.3165655 -15.693123 -16.069693 -16.446262 -16.822832
10e32 10e32 10e32 10e32 10e32 10e32 10e32 10e32 10e32 0.26274616 0.23456232 0.10788967 0.02577833 -0.22952038 -0.508257 -0.82427585 -1.1199173 -1.415559 -1.7289232 -2.0858614 -2.4763086 -2.8993142 -3.3841352 -3.825835 -4.2601514 -4.676195 -5.0875945 -5.4989934 -5.9103923 -6.321791 -6.7331905 -7.149423 -7.5886383 -8.027854 -8.457492 -8.765579 -9.073667 -9.395782 -9.741873 -10.087963 -10.434053 -10.780145 -11.126235 -11.481178 -11.839806 -12.198434 -12.563637 -12.932978 -13.340008 -13.718678 -14.097349 -14.47602 -14.853567 -15.229836 -15.60602 -15.979865 -16.35226 -16.724657 -17.097054 -17.46945
10e32 10e32 10e32 10e32 10e32 10e32 10e32 10e32 -0.22180383 -0.2548885 -0.27997774 -0.25165772 -0.29745194 -0.48325622 -0.8253386 -1.1521304 -1.4491769 -1.7448184 -2.0404608 -2.3418815 -2.8322935 -3.3399458 -3.8369565 -4.283989 -4.68324 -5.1368394 -5.5522656 -5.967692 -6.3831186 -6.798545 -7.212424 -7.6238227 -8.058258 -8.497474 -8.936689 -9.362476 -9.670564 -10.005302 -10.351393 -10.697483 -11.043573 -11.389665 -11.735755 -12.07785 -12.434798 -12.801581 -13.168364 -13.509819 -13.945644 -14.351892 -14.728163 -15.104433 -15.480702 -15.856873 -16.233013 -16.609154 -16.985294 -17.361164 -17.73356 -18.105957
10e32 10e32 10e32 10e32 10e32 10e32 10e32 10e32 -0.70031965 -0.7121489 -0.67338765 -0.63462645 -0.62068224 -0.73699206 -1.1531776 -1.4687679 -1.7744975 -2.074078 -2.3697202 -2.765273 -3.2729251 -3.7805774 -4.2882295 -4.6322193 -5.034238 -5.5625052 -5.9779315 -6.3933578 -6.8087845 -7.2242107 -7.6404815 -8.081304 -8.52213 -8.962956 -9.403784 -9.84461 -10.268731 -10.6116295 -10.952548 -11.293466 -11.634384 -11.975303 -12.316221 -12.668893 -13.035678 -13.402461 -13.761618 -14.066932 -14.481054 -14.921626 -15.353083 -15.731568 -16.107725 -16.483866 -16.860006 -17.236147 -17.612288 -17.988428 -18.364569 -18.74071
10e32 10e32 10e32 10e32 10e32 10e32 10e32 -1.1066368 -1.175661 -1.1555961 -1.072786 -1.0280372 -0.9916433 -1.0351171 -1.4796758 -1.7854054 -2.091135 -2.3964047 -2.7516232 -3.205905 -3.6815107 -4.126874 -4.572237 -4.9140797 -5.385236 -5.926744 -6.4035974 -6.8190236 -7.2344503 -7.661303 -8.102123 -8.542951 -8.983777 -9.424603 -9.900334 -10.412837 -10.830041 -11.190919 -11.531837 -11.872756 -12.213675 -12.554592 -12.902983 -13.269775 -13.636559 -14.003341 -14.325615 -14.63093 -15.011717 -15.452289 -15.892861 -16.343554 -16.734718 -17.110859 -17.487 -17.86314 -18.23928 -18.615421 -18.991562 -19.367702
10e32 10e32 10e32 10e32 10e32 10e32 10e32 -1.5721653 -1.5842688 -1.6422501 -1.558765 -1.4775196 -1.4217815 -1.3709978 -1.7627177 -2.0594761 -2.356236 -2.6617808 -3.0640514 -3.4982312 -3.9417112 -4.3870745 -4.8324375 -5.1959395 -5.736233 -6.277742 -6.8192506 -7.2446895 -7.682124 -8.122944 -8.56377 -9.012747 -9.52525 -10.037753 -10.550257 -10.9812 -11.383836 -11.770208 -12.111127 -12.452045 -12.792964 -13.137073 -13.503866 -13.870655 -14.237438 -14.584301 -14.889613 -15.194928 -15.542379 -15.982951 -16.423523 -16.880215 -17.338179 -17.737856 -18.113997 -18.490137 -18.866278 -19.242418 -19.618559 -19.9947
10e32 10e32 10e32 10e32 10e32 10e32 10e32 -2.0224423 -2.0345457 -2.0496392 -2.0478342 -1.9657891 -1.9555494 -1.9280124 -2.019313 -2.316067 -2.6231828 -2.9885497 -3.3550029 -3.7855885 -4.2080793 -4.64728 -5.092638 -5.545723 -6.087231 -6.628738 -7.2019143 -7.7056994 -8.143764 -8.637663 -9.1501665 -9.662669 -10.175173 -10.687675 -11.13236 -11.534995 -11.93763 -12.340265 -12.690416 -13.031335 -13.372253 -13.737956 -14.10475 -14.471536 -14.838318 -15.148298 -15.45361 -15.758926 -16.073042 -16.513615 -16.95891 -17.416876 -17.87484 -18.332804 -18.740992 -19.117132 -19.493273 -19.869413 -20.245554 -20.621695
10e32 10e32 10e32 10e32 10e32 10e32 -2.446718 -2.4727192 -2.484831 -2.5201983 -2.5398295 -2.4709978 -2.4169505 -2.3629034 -2.3232305 -2.6638496 -3.0699437 -3.4697309 -3.7843049 -4.1086903 -4.4954324 -4.9269924 -5.385154 -5.8929873 -6.4382195 -7.049835 -7.7365065 -8.26761 -8.774304 -9.287585 -9.800089 -10.3125925 -10.825095 -11.28352 -11.686154 -12.08879 -12.491425 -12.894059 -13.269706 -13.610624 -13.972045 -14.338839 -14.705632 -15.072415 -15.406984 -15.7122965 -16.017609 -16.322924 -16.628244 -17.044277 -17.495571 -17.953537 -18.4115 -18.869465 -19.32743 -19.744127 -20.120268 -20.496408 -20.87255 -21.24869
10e32 10e32 10e32 10e32 10e32 10e32 -2.975411 -2.9689474 -2.9511223 -2.9759507 -2.998316 -2.9676044 -2.914097 -2.880433 -3.0325599 -3.3157537 -3.7193222 -4.043422 -4.3518753 -4.621486 -4.902784 -5.1840925 -5.673633 -6.2490587 -6.8416214 -7.5077014 -8.280037 -8.882434 -9.421909 -9.935928 -10.449933 -10.962515 -11.434679 -11.837315 -12.239949 -12.642584 -13.045219 -13.447854 -13.848996 -14.206135 -14.572928 -14.939722 -15.306513 -15.66567 -15.970983 -16.276295 -16.581606 -16.886923 -17.192244 -17.57494 -18.032232 -18.490196 -18.948162 -19.406126 -19.864092 -20.322056 -20.747263 -21.123404 -21.499544 -21.875685
10e32 10e32 10e32 10e32 10e32 10e32 -3.4710243 -3.5101078 -3.4905074 -3.46348 -3.5070546 -3.5289931 -3.4861245 -3.5663936 -3.741298 -3.990426 -4.31574 -4.61839 -4.926029 -5.067179 -5.1965723 -5.555656 -6.078671 -6.7718115 -7.5441375 -8.316473 -8.930543 -9.480924 -10.031304 -10.581685 -11.097552 -11.603347 -11.988473 -12.391108 -12.793743 -13.196378 -13.599012 -14.006663 -14.419494 -14.807018 -15.173812 -15.540606 -15.9073925 -16.229668 -16.53498 -16.840292 -17.145603 -17.45092 -17.75624 -18.11093 -18.568893 -19.026857 -19.484823 -19.942787 -20.400751 -20.858717 -21.31668 -21.750399 -22.12654 -22.50268
10e32 10e32 10e32 10e32 10e32 -3.8918731 -3.965613 -4.0109477 -4.039081 -4.0290756 -4.0752854 -4.122072 -4.178724 -4.257634 -4.420137 -4.6482224 -4.968449 -5.2886724 -5.608896 -5.7798386 -6.0413136 -6.4160404 -6.929161 -7.5805917 -8.35291 -8.978652 -9.529033 -10.079413 -10.651702 -11.225956 -11.7470875 -12.1980505 -12.557893 -12.9449005 -13.347535 -13.758719 -14.17155 -14.58438 -14.9972105 -15.403813 -15.774695 -16.141489 -16.488354 -16.793665 -17.098978 -17.40429 -17.709602 -18.014917 -18.320238 -18.659893 -19.105553 -19.563519 -20.021482 -20.479448 -20.937412 -21.395378 -21.853342 -22.311306 -22.753536 -23.129677
10e32 10e32 10e32 10e32 10e32 -4.394228 -4.4602017 -4.5065765 -4.5575523 -4.5678387 -4.5859666 -4.7737823 -4.8920364 -4.971772 -5.1897726 -5.47955 -5.743882 -6.021051 -6.3291726 -6.609707 -6.973292 -7.3923254 -8.017754 -8.566485 -9.076493 -9.650287 -10.224541 -10.798795 -11.343035 -11.827905 -12.353681 -12.77507 -13.139703 -13.516187 -13.923606 -14.336436 -14.749267 -15.162097 -15.574927 -15.982967 -16.375578 -16.74237 -17.052351 -17.357664 -17.662975 -17.968288 -18.2736 -18.578917 -18.884237 -19.240303 -19.642212 -20.100176 -20.558142 -21.016108 -21.474072 -21.932037 -22.390003 -22.847967 -23.305933 -23.756672
10e32 10e32 10e32 10e32 -4.853979 -4.9139123 -5.0011497 -5.08582 -5.184655 -5.1370034 -5.100243 -5.43933 -5.593105 -5.748168 -6.061234 -6.3659387 -6.630271 -6.889912 -7.149945 -7.517475 -7.944513 -8.381068 -8.83091 -9.340908 -9.850916 -10.371633 -10.945887 -11.4583845 -11.943254 -12.428124 -12.960273 -13.35209 -13.716722 -14.108705 -14.511603 -14.914501 -15.326984 -15.739815 -16.152645 -16.56212 -16.96527 -17.311037 -17.61635 -17.921661 -18.226973 -18.532286 -18.837597 -19.142914 -19.457268 -19.820715 -20.18416 -20.636835 -21.0948 -21.552765 -22.01073 -22.468697 -22.92666 -23.384626 -23.842592 -24.30085
10e32 10e32 10e32 10e32 -5.3989596 -5.5373917 -5.5901875 -5.657186 -5.774296 -5.803075 -5.7185907 -6.0816207 -6.3174753 -6.6062894 -6.912695 -7.2190866 -7.491344 -7.7583914 -8.034573 -8.415709 -8.876258 -9.281849 -9.623146 -10.103271 -10.613841 -11.124412 -11.573733 -12.058603 -12.543473 -13.028343 -13.564477 -13.929109 -14.298324 -14.701222 -15.104121 -15.507019 -15.909918 -16.317532 -16.730362 -17.141275 -17.54009 -17.868782 -18.180347 -18.485659 -18.790972 -19.096283 -19.401596 -19.706913 -20.037678 -20.401125 -20.764572 -21.173494 -21.63146 -22.089424 -22.54739 -23.005356 -23.46332 -23.921286 -24.38193 -24.865128
10e32 10e32 10e32 10e32 -6.085321 -6.1985326 -6.248726 -6.2957006 -6.3971696 -6.3645334 -6.341501 -6.870382 -7.1823235 -7.4727015 -7.764507 -8.074178 -8.370174 -8.637222 -8.924966 -9.298582 -9.759131 -10.150053 -10.529251 -10.883592 -11.355138 -11.840346 -12.219848 -12.658823 -13.143692 -13.628562 -14.141497 -14.506128 -14.890842 -15.29374 -15.696639 -16.099537 -16.502436 -16.905334 -17.308233 -17.720428 -18.080275 -18.408964 -18.737656 -19.049656 -19.354969 -19.66028 -19.965593 -20.27091 -20.61809 -20.981535 -21.344982 -21.710154 -22.168118 -22.626083 -23.08405 -23.542013 -23.999979 -24.463007 -24.946207 -25.429405
10e32 10e32 10e32 -6.593919 -6.7716885 -6.8548927 -6.905085 -6.988499 -7.0779686 -7.113849 -7.3636937 -7.760795 -8.078063 -8.365988 -8.647233 -8.931503 -9.241175 -9.516052 -9.815343 -10.181455 -10.593241 -10.977566 -11.32868 -11.692048 -12.12482 -12.52363 -12.903132 -13.282634 -13.743912 -14.228782 -14.718515 -15.083163 -15.48336 -15.886258 -16.289156 -16.692055 -17.094954 -17.497852 -17.900751 -18.272444 -18.620457 -18.949148 -19.277838 -19.606527 -19.918966 -20.22428 -20.52959 -20.835052 -21.1985 -21.561947 -21.925392 -22.28884 -22.704777 -23.162743 -23.620707 -24.078672 -24.544086 -25.027285 -25.510485 -25.993683
10e32 10e32 10e32 -7.2809706 -7.411556 -7.5112305 -7.591442 -7.752165 -7.9202385 -8.088312 -8.33235 -8.65051 -8.956562 -9.25527 -9.54052 -9.821764 -10.103009 -10.394883 -10.705719 -11.013037 -11.3593645 -11.705692 -12.05202 -12.398348 -12.828429 -13.213883 -13.586416 -13.965919 -14.345416 -14.829 -15.295535 -15.672979 -16.075878 -16.478777 -16.881674 -17.284573 -17.660025 -18.025135 -18.390244 -18.755354 -19.110298 -19.463951 -19.817604 -20.146711 -20.4754 -20.788277 -21.093588 -21.415462 -21.77891 -22.142357 -22.505804 -22.86925 -23.241436 -23.699402 -24.157366 -24.625164 -25.108364 -25.591562 -26.07476 -26.55796
10e32 10e32 10e32 -7.8913703 -7.9564514 -8.257103 -8.424608 -8.606013 -8.802743 -8.999474 -9.222073 -9.536354 -9.835062 -10.133769 -10.432477 -10.715051 -10.996296 -11.257258 -11.515896 -11.774617 -12.082711 -12.429032 -12.77536 -13.121688 -13.532039 -13.909126 -14.281333 -14.653539 -15.028705 -15.42922 -15.872567 -16.265497 -16.668396 -17.047607 -17.412716 -17.777826 -18.142935 -18.508045 -18.873154 -19.238262 -19.593725 -19.947378 -20.301031 -20.654686 -21.008339 -21.344275 -21.657587 -21.995874 -22.35932 -22.722767 -23.086214 -23.449661 -23.813107 -24.23606 -24.706244 -25.189442 -25.672642 -26.15584 -26.639038 -27.122238
10e32 10e32 -8.978595 -8.910003 -9.022805 -9.211526 -9.381921 -9.562515 -9.74313 -9.923744 -10.120136 -10.414853 -10.713561 -11.012268 -11.310976 -11.608337 -11.853397 -12.076111 -12.301049 -12.554742 -12.8084345 -13.152388 -13.4987 -13.845028 -14.232164 -14.60437 -14.976577 -15.348783 -15.720989 -16.093195 -16.44691 -16.800938 -17.165407 -17.530518 -17.895626 -18.260736 -18.625845 -18.990953 -19.356064 -19.721172 -20.077152 -20.430805 -20.78446 -21.138113 -21.491766 -21.84542 -22.206743 -22.572054 -22.935118 -23.298182 -23.661245 -24.02431 -24.387373 -24.787321 -25.270521 -25.75372 -26.236917 -26.720118 -27.203316 -27.686516
10e32 10e32 -10.066049 -10.146329 -10.249786 -10.34127 -10.48807 -10.638309 -10.7885475 -10.963395 -11.17571 -11.457805 -11.755046 -12.052288 -12.251875 -12.457507 -12.681017 -12.904533 -13.127845 -13.350975 -13.588559 -13.875752 -14.222064 -14.568375 -14.927408 -15.299617 -15.676008 -16.057991 -16.426392 -16.706287 -17.012047 -17.366058 -17.720085 -18.074114 -18.42814 -18.78217 -19.136196 -19.490223 -19.844252 -20.204082 -20.562502 -20.927261 -21.29202 -21.656782 -22.021542 -22.386301 -22.75106 -23.11582 -23.488192 -23.854338 -24.217402 -24.580465 -24.950554 -25.369516 -25.834797 -26.317997 -26.801195 -27.284395 -27.766298 -28.224041
10e32 10e32 -10.987994 -11.211193 -11.442791 -11.609403 -11.683999 -11.764619 -11.914851 -12.09066 -12.267204 -12.483522 -12.675402 -12.867281 -13.063134 -13.286643 -13.510166 -13.733687 -13.956818 -14.179948 -14.403078 -14.626207 -14.950027 -15.310754 -15.680181 -16.062162 -16.444145 -16.734087 -17.014114 -17.304977 -17.61225 -17.931189 -18.285206 -18.639233 -18.993261 -19.347288 -19.701317 -20.055344 -20.40937 -20.762009 -21.106821 -21.47158 -21.836338 -22.201097 -22.565859 -22.930618 -23.295378 -23.660137 -24.025974 -24.399162 -24.772352 -25.136623 -25.54369 -25.962652 -26.399075 -26.882275 -27.365473 -27.824192 -28.281935 -28.739677
10e32 10e32 -11.622609 -11.896018 -12.177248 -12.399255 -12.526199 -12.653144 -12.756048 -12.980151 -13.183131 -13.320308 -13.482688 -13.674568 -13.892274 -14.115798 -14.339322 -14.562661 -14.78579 -15.008921 -15.232051 -15.45518 -15.7284775 -16.073841 -16.448317 -16.785042 -17.04178 -17.320292 -17.6066 -17.90971 -18.21698 -18.524248 -18.85033 -19.204353 -19.55838 -19.912409 -20.266436 -20.620464 -20.974491 -21.315989 -21.651142 -22.0159 -22.38066 -22.745419 -23.110176 -23.474936 -23.839695 -24.204454 -24.569214 -24.936945 -25.310135 -25.704805 -26.12773 -26.550653 -26.973577 -27.424345 -27.882088 -28.33983 -28.797571 -29.255314
10e32 -12.034026 -12.300599 -12.581833 -12.827081 -13.027561 -13.162789 -13.258102 -13.353416 -13.544993 -13.769096 -13.993199 -14.217302 -14.494244 -14.721431 -14.944955 -15.168479 -15.391634 -15.614764 -15.8378935 -16.061024 -16.284153 -16.56691 -16.843744 -17.092737 -17.349476 -17.626467 -17.912775 -18.207155 -18.51444 -18.82171 -19.128979 -19.436249 -19.769474 -20.1235 -20.477528 -20.831556 -21.185583 -21.539612 -21.869968 -22.195461 -22.56022 -22.924978 -23.289738 -23.654497 -24.019255 -24.384014 -24.748774 -25.113531 -25.47829 -25.851072 -26.26983 -26.657557 -27.045282 -27.433012 -27.936024 -28.395031 -28.854038 -29.313046 -29.770952
10e32 -12.705181 -12.986423 -13.235604 -13.436085 -13.625011 -13.766267 -13.86158 -13.956896 -14.109836 -14.333939 -14.558042 -14.782145 -15.208921 -15.490666 -15.772411 -15.997477 -16.220606 -16.429142 -16.626167 -16.823193 -17.020216 -17.218513 -17.426292 -17.657171 -17.932642 -18.218952 -18.50526 -18.8119 -19.119171 -19.42644 -19.73371 -20.04098 -20.348248 -20.688622 -21.042648 -21.396675 -21.750704 -22.103867 -22.423948 -22.744032 -23.10454 -23.4693 -23.834059 -24.198816 -24.563576 -24.928333 -25.293093 -25.654333 -25.984026 -26.338013 -26.725739 -27.113464 -27.50119 -27.908712 -28.418308 -28.905762 -29.364769 -29.823776 -30.282784
10e32 -13.391013 -13.644134 -13.844609 -14.033224 -14.207172 -14.369743 -14.465056 -14.56037 -14.674678 -14.898781 -15.122884 -15.451257 -15.923598 -16.205343 -16.4673 -16.664145 -16.842789 -17.039814 -17.23684 -17.433865 -17.63089 -17.82851 -18.027029 -18.238817 -18.525127 -18.811438 -19.103718 -19.416632 -19.723902 -20.03117 -20.33844 -20.64571 -20.952978 -21.260248 -21.607769 -21.961796 -22.315823 -22.657845 -22.977928 -23.29801 -23.64886 -24.01362 -24.378378 -24.743137 -25.107895 -25.439474 -25.769167 -26.098862 -26.428555 -26.79392 -27.181648 -27.569374 -27.9571 -28.38454 -28.894136 -29.403734 -29.8755 -30.334507 -30.793514
10e32 -14.052663 -14.253133 -14.441442 -14.615385 -14.789333 -14.963282 -15.068534 -15.163847 -15.259156 -15.463623 -15.687726 -16.147036 -16.638275 -16.896782 -17.116896 -17.316149 -17.487179 -17.658207 -17.847511 -18.044537 -18.241562 -18.438587 -18.637024 -18.835545 -19.117613 -19.403923 -19.712069 -20.021362 -20.328632 -20.6359 -20.94317 -21.25044 -21.557709 -21.864979 -22.172892 -22.526917 -22.880943 -23.211824 -23.531908 -23.85199 -24.193182 -24.55794 -24.89492 -25.224615 -25.554308 -25.884003 -26.213696 -26.54339 -26.873083 -27.24983 -27.637556 -28.025282 -28.413008 -28.860367 -29.369965 -29.879562 -30.386232 -30.845238 -31.304245
