test/UKGEOS_Glasgow/EXPORTS/ASCII(5mCell)/MineWorkings/Probable/Workings_Probable_GlasgowMainCoal_50m_GGERFS_Predrill(5m).asc
ncols 221
nrows 188
xllcenter 260000.0
yllcenter 662611.0
cellsize 5.0
nodata_value 10e32
[rows 62 to 92 of 188, columns 140 to 209 of 221]
-129.95235 -129.7406 -129.53445 -129.31146 -129.07672 -128.84198 -128.60724 -128.3725 -128.13776 -127.903015 -127.668274 -127.43637 -127.227165 -127.01797 -126.80716 -126.59561 -126.38406 -126.17325 -125.96245 -125.75164 -125.54083 -125.33003 -125.119225 -124.892166 -124.663574 -124.43498 -124.2064 -123.977806 -123.749214 -123.52133 -123.29529 -123.078514 -122.86515 -122.65179 -122.43345 -122.213486 -121.99679 -121.78099 -121.56519 -121.34939 -121.132256 -120.90393 -120.66835 -120.43152 -120.19411 -119.95858 -119.73732 -119.51574 -119.292946 -119.07016 -118.84737 -118.62458 -118.401794 -118.179 -117.9546 -117.7252 -117.4958 -117.266396 -117.03691 -116.8066 -116.57629 -116.34597 -116.118324 -115.89183 -115.66534 -115.43884 -115.22094 10e32 10e32 10e32
-130.28912 -130.07993 -129.85031 -129.61557 -129.38083 -129.14609 -128.91135 -128.6766 -128.44186 -128.20712 -127.97238 -127.74083 -127.531624 -127.32224 -127.11069 -126.89914 -126.68759 -126.47648 -126.26567 -126.05486 -125.84406 -125.633255 -125.41273 -125.184135 -124.95555 -124.72696 -124.49837 -124.26978 -124.04119 -123.8126 -123.58433 -123.35758 -123.14012 -122.92676 -122.70931 -122.49006 -122.27426 -122.058464 -121.84267 -121.61549 -121.378876 -121.141464 -120.90405 -120.66664 -120.42923 -120.19108 -119.96579 -119.74453 -119.522934 -119.30014 -119.077354 -118.85457 -118.631775 -118.40899 -118.18393 -117.95453 -117.72513 -117.49573 -117.266335 -117.036934 -116.806786 -116.57648 -116.34649 -116.119995 -115.8935 -115.66724 -115.45506 10e32 10e32 10e32
-130.62572 -130.38916 -130.15442 -129.91968 -129.68494 -129.4502 -129.21545 -128.98071 -128.74597 -128.51123 -128.27649 -128.04529 -127.836075 -127.62577 -127.41422 -127.202675 -126.99113 -126.7797 -126.56889 -126.35809 -126.147285 -125.9333 -125.704704 -125.47611 -125.24753 -125.018936 -124.790344 -124.56176 -124.33317 -124.104576 -123.875984 -123.6474 -123.41987 -123.20174 -122.98518 -122.76753 -122.551735 -122.32623 -122.08882 -121.85141 -121.614 -121.37659 -121.139175 -120.90176 -120.664345 -120.42622 -120.19426 -119.973 -119.75174 -119.53013 -119.30734 -119.08455 -118.86176 -118.63898 -118.41326 -118.18386 -117.95447 -117.72507 -117.49567 -117.266266 -117.036865 -116.80698 -116.57667 -116.34816 -116.121666 -115.90136 -115.68919 10e32 10e32 10e32
-130.9308 -130.69902 -130.46127 -130.22379 -129.98904 -129.7543 -129.51956 -129.28482 -129.05008 -128.81534 -128.5806 -128.34973 -128.14053 -127.929306 -127.71776 -127.50621 -127.294655 -127.08311 -126.87212 -126.661316 -126.450516 -126.22527 -125.99668 -125.76809 -125.539505 -125.31091 -125.08232 -124.85373 -124.625145 -124.39655 -124.16796 -123.93938 -123.710785 -123.48281 -123.26104 -123.03561 -122.798775 -122.561356 -122.323944 -122.08653 -121.84912 -121.6117 -121.37429 -121.13688 -120.89947 -120.66136 -120.42272 -120.20147 -119.98021 -119.75895 -119.53732 -119.31454 -119.09175 -118.86896 -118.6426 -118.4132 -118.1838 -117.9544 -117.725 -117.4956 -117.266205 -117.036804 -116.80717 -116.57684 -116.34984 -116.13548 -115.92332 10e32 10e32 10e32
-131.19827 -130.98512 -130.7706 -130.53459 -130.29684 -130.0591 -129.82367 -129.58893 -129.35419 -129.11945 -128.8847 -128.65419 -128.44438 -128.23283 -128.02129 -127.80974 -127.59819 -127.38664 -127.17535 -126.96455 -126.745834 -126.51725 -126.28866 -126.06007 -125.831474 -125.60289 -125.3743 -125.145706 -124.91712 -124.68853 -124.45994 -124.23037 -123.995415 -123.756645 -123.50915 -123.2713 -123.03389 -122.79648 -122.55907 -122.321655 -122.084236 -121.846825 -121.60941 -121.372 -121.13458 -120.8965 -120.657326 -120.42993 -120.20867 -119.98742 -119.76616 -119.544525 -119.32173 -119.098946 -118.87193 -118.64253 -118.41313 -118.18373 -117.95434 -117.72494 -117.49554 -117.266136 -117.036736 -116.807335 -116.58178 -116.35584 -116.12248 10e32 10e32 10e32
-131.4522 -131.25146 -131.03879 -130.82492 -130.6079 -130.37015 -130.13242 -129.89467 -129.65828 -129.42354 -129.1888 -128.95863 -128.74792 -128.53638 -128.32481 -128.11327 -127.901726 -127.69018 -127.47863 -127.2664 -127.03781 -126.80922 -126.580635 -126.35204 -126.12343 -125.88847 -125.65352 -125.418564 -125.18361 -124.948654 -124.7137 -124.478745 -124.23141 -123.98698 -123.74114 -123.50047 -123.26901 -123.0316 -122.79418 -122.55677 -122.31936 -122.08195 -121.84453 -121.60712 -121.369705 -121.131645 -120.89247 -120.6584 -120.43714 -120.21588 -119.99462 -119.77336 -119.55172 -119.32893 -119.101265 -118.87187 -118.64247 -118.41307 -118.18367 -117.95427 -117.72374 -117.49057 -117.2574 -117.02424 -116.78168 -116.54853 -116.31549 10e32 10e32 10e32
-131.70497 -131.51712 -131.30464 -131.09198 -130.87924 -130.6647 -130.44345 -130.20572 -129.96797 -129.73024 -129.4929 -129.263 -129.05145 -128.8399 -128.62836 -128.41681 -128.20526 -127.993706 -127.78155 -127.54658 -127.31162 -127.07667 -126.84171 -126.60676 -126.3718 -126.136856 -125.9019 -125.66695 -125.43199 -125.19704 -124.95516 -124.707825 -124.46266 -124.22373 -123.97314 -123.73043 -123.49425 -123.264626 -123.029305 -122.79189 -122.554474 -122.31706 -122.07965 -121.84224 -121.60483 -121.36678 -121.12761 -120.888435 -120.66561 -120.44435 -120.22309 -120.00183 -119.78057 -119.558914 -119.330605 -119.10109 -118.86793 -118.634766 -118.401596 -118.168434 -117.93527 -117.7021 -117.46894 -117.225334 -116.976265 -116.74032 -116.50813 10e32 10e32 10e32
-131.95792 -131.7699 -131.5705 -131.35783 -131.14517 -130.9325 -130.71902 -130.5045 -130.279 -130.04128 -129.80353 -129.56653 -129.35498 -129.14343 -128.93188 -128.72034 -128.49992 -128.26492 -128.02994 -127.79496 -127.560005 -127.32505 -127.090096 -126.85514 -126.620186 -126.38523 -126.150276 -125.91532 -125.67891 -125.42992 -125.184654 -124.93948 -124.69658 -124.45642 -124.205124 -123.9611 -123.721954 -123.48802 -123.25839 -123.02701 -122.7896 -122.552185 -122.31477 -122.077354 -121.83994 -121.60193 -121.362755 -121.12357 -120.89408 -120.67282 -120.45156 -120.2303 -120.00831 -119.77769 -119.54579 -119.31263 -119.07947 -118.8463 -118.61314 -118.379974 -118.146805 -117.91364 -117.672844 -117.42226 -117.17167 -116.933105 -116.69991 10e32 10e32 10e32
-132.21085 -132.02267 -131.83482 -131.62367 -131.41101 -131.19835 -130.98569 -130.77303 -130.55882 -130.34428 -130.11458 -129.8715 -129.65852 -129.44696 -129.21829 -128.98329 -128.7483 -128.5133 -128.27832 -128.04333 -127.80838 -127.573425 -127.33847 -127.103516 -126.86856 -126.633606 -126.39866 -126.15366 -125.90665 -125.66148 -125.41631 -125.17114 -124.93334 -124.688416 -124.43712 -124.191765 -123.95262 -123.71348 -123.48179 -123.25217 -123.022545 -122.7873 -122.54989 -122.31248 -122.075066 -121.83707 -121.59789 -121.35872 -121.12255 -120.90129 -120.679535 -120.44895 -120.21837 -119.98749 -119.755974 -119.52417 -119.291 -119.05784 -118.82468 -118.59151 -118.358345 -118.12036 -117.869774 -117.61919 -117.36859 -117.12769 -116.89169 10e32 10e32 10e32
-132.46378 -132.27545 -132.0876 -131.88953 -131.67686 -131.4642 -131.25154 -131.03888 -130.82622 -130.61314 -130.39482 -130.17087 -129.93665 -129.70166 -129.46667 -129.23167 -128.99669 -128.76169 -128.5267 -128.29172 -128.05676 -127.82181 -127.58685 -127.3519 -127.11694 -126.87742 -126.62865 -126.38348 -126.138306 -125.893135 -125.647964 -125.40619 -125.1701 -124.92041 -124.66911 -124.42243 -124.18329 -123.944145 -123.70519 -123.47556 -123.24594 -123.01631 -122.78501 -122.5476 -122.31018 -122.07221 -121.83303 -121.59386 -121.35468 -121.12018 -120.889595 -120.65901 -120.42843 -120.197296 -119.965775 -119.73425 -119.50254 -119.26938 -119.03621 -118.80305 -118.56788 -118.31729 -118.0667 -117.81611 -117.56552 -117.32228 -117.084526 10e32 10e32 10e32
-132.71672 -132.52823 -132.34038 -132.15253 -131.94083 -131.72565 -131.51047 -131.29529 -131.08011 -130.86493 -130.64847 -130.41759 -130.1835 -129.94942 -129.71506 -129.48006 -129.24507 -129.01007 -128.77509 -128.5401 -128.30515 -128.07019 -127.83523 -127.60027 -127.35217 -127.10548 -126.860306 -126.615135 -126.369965 -126.124794 -125.87962 -125.642944 -125.403694 -125.152405 -124.90111 -124.6531 -124.413956 -124.17481 -123.93567 -123.69896 -123.46934 -123.23971 -123.010086 -122.780464 -122.5453 -122.30735 -122.06818 -121.82312 -121.575516 -121.33024 -121.099655 -120.86907 -120.63849 -120.4071 -120.175575 -119.94405 -119.71254 -119.48091 -119.24775 -119.01459 -118.76481 -118.51421 -118.263626 -118.01304 -117.76245 -117.51687 -117.27911 10e32 10e32 10e32
-132.96965 -132.77664 -132.58377 -132.39091 -132.1896 -131.97443 -131.75925 -131.54407 -131.32889 -131.11218 -130.88564 -130.6558 -130.4251 -130.1944 -129.96167 -129.72758 -129.49345 -129.25845 -129.02347 -128.78847 -128.55351 -128.31856 -128.07593 -127.82747 -127.5823 -127.33713 -127.09196 -126.846794 -126.60162 -126.35645 -126.11579 -125.8797 -125.63569 -125.38439 -125.1331 -124.883766 -124.64462 -124.40548 -124.166336 -123.92719 -123.69273 -123.46311 -123.23348 -123.00386 -122.77423 -122.53917 -122.291565 -122.04396 -121.79636 -121.548744 -121.309715 -121.07913 -120.84842 -120.6169 -120.385376 -120.153854 -119.92234 -119.69082 -119.45929 -119.212326 -118.96173 -118.71114 -118.460556 -118.20996 -117.95937 -117.71146 -117.4737 10e32 10e32 10e32
-133.20935 -133.01411 -132.82124 -132.62839 -132.43552 -132.2232 -132.00803 -131.79285 -131.5759 -131.34935 -131.12282 -130.89323 -130.66252 -130.43182 -130.20111 -129.97041 -129.73972 -129.50575 -129.27167 -129.03685 -128.79967 -128.55067 -128.30429 -128.05913 -127.81396 -127.56879 -127.323616 -127.078445 -126.833275 -126.58864 -126.35255 -126.11646 -125.86768 -125.61639 -125.36509 -125.11444 -124.8753 -124.636154 -124.39701 -124.15787 -123.918724 -123.68651 -123.45688 -123.22726 -122.99763 -122.75637 -122.511475 -122.26479 -122.01719 -121.769585 -121.52198 -121.28919 -121.05822 -120.8267 -120.59518 -120.36366 -120.128654 -119.887955 -119.646866 -119.40083 -119.1548 -118.90807 -118.65748 -118.40689 -118.1563 -117.906044 -117.66829 10e32 10e32 10e32
-133.44705 -133.25159 -133.05873 -132.86586 -132.673 -132.47198 -132.2568 -132.03961 -131.81306 -131.58653 -131.35999 -131.13065 -130.89995 -130.66925 -130.43854 -130.20784 -129.97713 -129.74643 -129.51573 -129.27438 -129.02629 -128.78113 -128.53595 -128.29079 -128.04561 -127.800446 -127.555275 -127.310104 -127.06493 -126.8254 -126.58931 -126.35097 -126.09968 -125.84838 -125.597084 -125.34579 -125.105965 -124.86682 -124.62768 -124.388535 -124.14939 -123.91025 -123.68028 -123.45065 -123.21792 -122.97302 -122.72813 -122.48322 -122.23803 -121.99042 -121.74281 -121.49925 -121.26802 -121.03474 -120.794044 -120.553345 -120.31265 -120.07196 -119.829735 -119.5837 -119.33767 -119.091644 -118.84561 -118.59958 -118.353226 -118.10264 -117.86288 10e32 10e32 10e32
-133.6638 -133.47746 -133.2908 -133.10333 -132.91048 -132.7176 -132.50333 -132.27678 -132.05023 -131.8237 -131.59715 -131.36807 -131.13737 -130.90666 -130.67596 -130.44527 -130.21455 -129.97672 -129.73183 -129.48692 -129.24321 -129.01277 -128.76761 -128.52245 -128.27727 -128.0321 -127.786934 -127.54176 -127.29825 -127.06216 -126.82498 -126.57695 -126.32892 -126.080376 -125.82908 -125.57778 -125.33663 -125.09749 -124.858345 -124.6192 -124.38006 -124.140915 -123.90368 -123.67405 -123.43457 -123.189674 -122.94477 -122.699875 -122.45498 -122.210075 -121.96365 -121.705345 -121.459435 -121.218735 -120.97804 -120.73735 -120.49665 -120.25596 -120.0126 -119.76657 -119.52054 -119.27451 -119.02848 -118.78245 -118.53642 -118.29208 -118.05564 10e32 10e32 10e32
-133.86359 -133.66832 -133.47328 -133.28906 -133.10486 -132.92064 -132.72818 -132.51395 -132.28741 -132.06087 -131.83434 -131.6055 -131.3748 -131.14409 -130.91339 -130.67804 -130.43314 -130.18823 -129.94334 -129.69844 -129.44943 -129.2182 -128.99437 -128.75409 -128.50893 -128.26376 -128.01859 -127.773415 -127.535 -127.2957 -127.04767 -126.79964 -126.55161 -126.30358 -126.05555 -125.80468 -125.56291 -125.32614 -125.08901 -124.84987 -124.610725 -124.37158 -124.13244 -123.89612 -123.65122 -123.40504 -123.15667 -122.90831 -122.65995 -122.41158 -122.155365 -121.89755 -121.64648 -121.40274 -121.16205 -120.92135 -120.68066 -120.43996 -120.19547 -119.94944 -119.70341 -119.45738 -119.21135 -118.96532 -118.71929 -118.481766 10e32 10e32 10e32 10e32
-134.05444 -133.85916 -133.6639 -133.47154 -133.28732 -133.10312 -132.91075 -132.71355 -132.51634 -132.29803 -132.0715 -131.84293 -131.61223 -131.37935 -131.13446 -130.88956 -130.64465 -130.39975 -130.15486 -129.90996 -129.6613 -129.417 -129.19319 -128.96936 -128.74059 -128.4954 -128.25024 -128.00786 -127.76642 -127.51839 -127.27036 -127.02233 -126.76511 -126.50762 -126.250145 -125.99266 -125.75315 -125.51638 -125.27962 -125.04285 -124.806076 -124.569305 -124.332535 -124.09381 -123.84801 -123.59965 -123.35129 -123.10292 -122.85456 -122.60219 -122.34354 -122.08983 -121.839 -121.58794 -121.34605 -121.105354 -120.864655 -120.62396 -120.37834 -120.13231 -119.886284 -119.64025 -119.39422 -119.14819 -118.90788 -118.67145 10e32 10e32 10e32 10e32
-134.24529 -134.05002 -133.85475 -133.65948 -133.4698 -133.28558 -133.09332 -132.89612 -132.69891 -132.50171 -132.30449 -132.08035 -131.83577 -131.59087 -131.34598 -131.10107 -130.85617 -130.61127 -130.36638 -130.12148 -129.87315 -129.61945 -129.392 -129.16817 -128.94434 -128.72052 -128.4819 -128.23714 -127.98301 -127.725525 -127.46805 -127.21057 -126.95309 -126.69561 -126.438126 -126.18065 -125.9434 -125.70663 -125.46986 -125.233086 -124.996315 -124.759544 -124.52277 -124.282906 -124.04087 -123.79426 -123.5459 -123.29754 -123.04901 -122.79035 -122.5317 -122.28061 -122.031525 -121.78046 -121.530045 -121.28935 -121.04866 -120.80724 -120.56121 -120.31518 -120.06915 -119.82312 -119.577095 -119.33401 -119.097565 -118.859055 10e32 10e32 10e32 10e32
-134.43614 -134.24088 -134.04561 -133.85034 -133.65508 -133.46805 -133.2759 -133.07869 -132.88148 -132.684 -132.48494 -132.27675 -132.03644 -131.79613 -131.55582 -131.31259 -131.06769 -130.82278 -130.5779 -130.333 -130.085 -129.8313 -129.59082 -129.36699 -129.14316 -128.91933 -128.68317 -128.42734 -128.17099 -127.91351 -127.65603 -127.39855 -127.14107 -126.88359 -126.62611 -126.37041 -126.13364 -125.896866 -125.6601 -125.42333 -125.186554 -124.94978 -124.71301 -124.472 -124.229965 -123.98794 -123.74051 -123.49215 -123.237175 -122.97852 -122.71993 -122.4714 -122.222855 -121.97298 -121.72191 -121.47335 -121.23266 -120.99011 -120.74408 -120.49805 -120.25202 -120.00599 -119.760124 -119.52369 -119.28029 -119.03587 10e32 10e32 10e32 10e32
-134.627 -134.43173 -134.23647 -134.0412 -133.84593 -133.65067 -133.45848 -133.26047 -133.06142 -132.86235 -132.66328 -132.46423 -132.22519 -131.98488 -131.74457 -131.50426 -131.26395 -131.02364 -130.78334 -130.54303 -130.29686 -130.04315 -129.78964 -129.56581 -129.34198 -129.11815 -128.86674 -128.60823 -128.35367 -128.09912 -127.84402 -127.58653 -127.329056 -127.07157 -126.814095 -126.56065 -126.32388 -126.08711 -125.85034 -125.61357 -125.3768 -125.14003 -124.90312 -124.661095 -124.41906 -124.177025 -123.935 -123.684 -123.42535 -123.16669 -122.91072 -122.66218 -122.413635 -122.1651 -121.91443 -121.66336 -121.41666 -121.17298 -120.92695 -120.68092 -120.43489 -120.188866 -119.94554 -119.69561 -119.44568 -119.19575 10e32 10e32 10e32 10e32
-134.81786 -134.62259 -134.42732 -134.23206 -134.03679 -133.84119 -133.63788 -133.43881 -133.23976 -133.0407 -132.84164 -132.64258 -132.41393 -132.17361 -131.93332 -131.69301 -131.4527 -131.21239 -130.97208 -130.73257 -130.49649 -130.255 -130.0013 -129.76463 -129.5408 -129.30907 -129.05034 -128.7916 -128.53456 -128.28 -128.02545 -127.77089 -127.51633 -127.25956 -127.002075 -126.75089 -126.51412 -126.27735 -126.04058 -125.80381 -125.56704 -125.33027 -125.09222 -124.85018 -124.608154 -124.36612 -124.12409 -123.87166 -123.61351 -123.35486 -123.1015 -122.85296 -122.60442 -122.35588 -122.10695 -121.85588 -121.60482 -121.35481 -121.10831 -120.86179 -120.61057 -120.35483 -120.1049 -119.854965 -119.60503 -119.355095 10e32 10e32 10e32 10e32
-135.00871 -134.81345 -134.61818 -134.42291 -134.22765 -134.02309 -133.81776 -133.61717 -133.4181 -133.21904 -133.01999 -132.82092 -132.60268 -132.36237 -132.12206 -131.88174 -131.64143 -131.40114 -131.16144 -130.92535 -130.68927 -130.45319 -130.21315 -129.96344 -129.73962 -129.49265 -129.23392 -128.97517 -128.71645 -128.46089 -128.20633 -127.951775 -127.69722 -127.44266 -127.1881 -126.94114 -126.70437 -126.4676 -126.23083 -125.99406 -125.75728 -125.52051 -125.28131 -125.039276 -124.79725 -124.555214 -124.313095 -124.056564 -123.80004 -123.54302 -123.29228 -123.04375 -122.795204 -122.54666 -122.29813 -122.0484 -121.78596 -121.53359 -121.28418 -121.021866 -120.76411 -120.514175 -120.264244 -120.01431 -119.76438 -119.51445 10e32 10e32 10e32 10e32
-135.19957 -135.0043 -134.80904 -134.61377 -134.41031 -134.20499 -133.99966 -133.79552 -133.59645 -133.3974 -133.19833 -132.99927 -132.79141 -132.55112 -132.3108 -132.0705 -131.83018 -131.59029 -131.3542 -131.11812 -130.88203 -130.64595 -130.40987 -130.17131 -129.93495 -129.67622 -129.4175 -129.15877 -128.90002 -128.64183 -128.3882 -128.13458 -127.88095 -127.62732 -127.37369 -127.125984 -126.888084 -126.652115 -126.416145 -126.18018 -125.944214 -125.708244 -125.4704 -125.22837 -124.986336 -124.74431 -124.49801 -124.24148 -123.98495 -123.71988 -123.465576 -123.21768 -122.96979 -122.721886 -122.47399 -122.21758 -121.95833 -121.69547 -121.43317 -121.173386 -120.923454 -120.67352 -120.42359 -120.17366 -119.92373 -119.6738 10e32 10e32 10e32 10e32
-135.39043 -135.19516 -134.9999 -134.79755 -134.59221 -134.38689 -134.18156 -133.97623 -133.77481 -133.57574 -133.37668 -133.17763 -132.97856 -132.73985 -132.49954 -132.25923 -132.01915 -131.78307 -131.54698 -131.3109 -131.07481 -130.83871 -130.60263 -130.36655 -130.11855 -129.85982 -129.60109 -129.34235 -129.08362 -128.8278 -128.57417 -128.32056 -128.06693 -127.81329 -127.56239 -127.315155 -127.07091 -126.83494 -126.598976 -126.36301 -126.12704 -125.89077 -125.65312 -125.415474 -125.17543 -124.9334 -124.68292 -124.42292 -124.15724 -123.891556 -123.632355 -123.38446 -123.136566 -122.88867 -122.634 -122.37382 -122.11453 -121.8449 -121.585495 -121.32991 -121.08081 -120.8317 -120.5826 -120.33301 -120.08308 -119.833145 10e32 10e32 10e32 10e32
-135.58128 -135.38602 -135.18477 -134.97945 -134.77411 -134.56879 -134.36346 -134.15814 -133.95316 -133.7541 -133.55504 -133.35597 -133.1569 -132.9286 -132.6883 -132.448 -132.21191 -131.97583 -131.73975 -131.50366 -131.26758 -131.0315 -130.79263 -130.5459 -130.29916 -130.0434 -129.78467 -129.52592 -129.26741 -129.01378 -128.76015 -128.50652 -128.2529 -127.99927 -127.751564 -127.504326 -127.25709 -127.01777 -126.7818 -126.54583 -126.30987 -126.07287 -125.83522 -125.597565 -125.35992 -125.12226 -124.86028 -124.5946 -124.32892 -124.06323 -123.79914 -123.55125 -123.303345 -123.05054 -122.790344 -122.53015 -122.270744 -122.00296 -121.743996 -121.48618 -121.23326 -120.98415 -120.73505 -120.48595 -120.23684 10e32 10e32 10e32 10e32 10e32
-135.77214 -135.57199 -135.36667 -135.16135 -134.95601 -134.75069 -134.54536 -134.34004 -134.1347 -133.93245 -133.73338 -133.53432 -133.33527 -133.11734 -132.87703 -132.64078 -132.4047 -132.16861 -131.93253 -131.69644 -131.46036 -131.21707 -130.97034 -130.7236 -130.47687 -130.22697 -129.96825 -129.70952 -129.45338 -129.19975 -128.94612 -128.69249 -128.43886 -128.18797 -127.94074 -127.6935 -127.44626 -127.20059 -126.96462 -126.72865 -126.492615 -126.25496 -126.01731 -125.77966 -125.536804 -125.28674 -125.02559 -124.76356 -124.500595 -124.23491 -123.96922 -123.718025 -123.467064 -123.20687 -122.946686 -122.68649 -122.426956 -122.16102 -121.90274 -121.64493 -121.387115 -121.136604 -120.8875 -120.6384 -120.38929 10e32 10e32 10e32 10e32 10e32
-135.95923 -135.75389 -135.54857 -135.34325 -135.13791 -134.93259 -134.72726 -134.52194 -134.3166 -134.11128 -133.91174 -133.71268 -133.51361 -133.30609 -133.06963 -132.83354 -132.59746 -132.36137 -132.12529 -131.88824 -131.64151 -131.39478 -131.14804 -130.9013 -130.65456 -130.40782 -130.15182 -129.8931 -129.63936 -129.38573 -129.1321 -128.87846 -128.62483 -128.37715 -128.12991 -127.882675 -127.63544 -127.38819 -127.147446 -126.91148 -126.674706 -126.43706 -126.19916 -125.94909 -125.69903 -125.44896 -125.18726 -124.92523 -124.6632 -124.40117 -124.13914 -123.883194 -123.6234 -123.36321 -123.10302 -122.842834 -122.58309 -122.3193 -122.061485 -121.80367 -121.54586 -121.28905 -121.03995 -120.79084 -120.54174 10e32 10e32 10e32 10e32 10e32
10e32 -135.93579 -135.73047 -135.52515 -135.31981 -135.11449 -134.90916 -134.70384 -134.4985 -134.29318 -134.09009 -133.89102 -133.69183 -133.4875 -133.2602 -133.02632 -132.79024 -132.55415 -132.31268 -132.06595 -131.81921 -131.57248 -131.32573 -131.079 -130.83226 -130.58553 -130.33542 -130.07896 -129.82533 -129.5717 -129.31845 -129.06842 -128.81839 -128.56836 -128.31908 -128.07184 -127.82461 -127.57737 -127.33027 -127.09431 -126.856804 -126.61144 -126.361374 -126.111305 -125.861244 -125.61097 -125.34894 -125.08691 -124.824875 -124.56284 -124.29619 -124.035446 -123.77868 -123.5194 -123.25936 -122.99917 -122.73796 -122.47804 -122.22023 -121.96242 -121.70461 -121.4468 -121.19239 -120.94329 -120.69419 10e32 10e32 10e32 10e32 10e32
10e32 10e32 -135.90987 -135.70528 -135.50069 -135.2961 -135.09106 -134.88574 -134.6804 -134.47508 -134.26976 -134.06854 -133.86551 -133.66246 -133.43677 -133.20946 -132.98215 -132.73703 -132.49023 -132.24344 -131.99664 -131.74985 -131.50305 -131.25626 -131.00946 -130.76266 -130.51587 -130.27 -130.01999 -129.76996 -129.51993 -129.2699 -129.01987 -128.76984 -128.51982 -128.26979 -128.01976 -127.76973 -127.51971 -127.27379 -127.02372 -126.77366 -126.52359 -126.27353 -126.02346 -125.772644 -125.51061 -125.24858 -124.98271 -124.71463 -124.44922 -124.18915 -123.93033 -123.67246 -123.41488 -123.15551 -122.89461 -122.63679 -122.37898 -122.12117 -121.86336 -121.605545 -121.34773 -121.09573 -120.846634 10e32 10e32 10e32 10e32 10e32
10e32 10e32 10e32 -135.87614 -135.67155 -135.46696 -135.26237 -135.05779 -134.8532 -134.6486 -134.44402 -134.24092 -134.03917 -133.83612 -133.61334 -133.38332 -133.15121 -132.90982 -132.66302 -132.41623 -132.16943 -131.92264 -131.67584 -131.42905 -131.18224 -130.93544 -130.68959 -130.44945 -130.20929 -129.96915 -129.7214 -129.47137 -129.22134 -128.97133 -128.7213 -128.47127 -128.21274 -127.951614 -127.6905 -127.43428 -127.18463 -126.934975 -126.68532 -126.43567 -126.18568 -125.93432 -125.66923 -125.401146 -125.13307 -124.86501 -124.60276 -124.34285 -124.08404 -123.82522 -123.5664 -123.31036 -123.05335 -122.79554 -122.53773 -122.279915 -122.0221 -121.76429 -121.50648 -121.248665 -120.99827 10e32 10e32 10e32 10e32 10e32
10e32 10e32 10e32 10e32 -135.84244 -135.63785 -135.43326 -135.22865 -135.02406 -134.81947 -134.61488 -134.4112 -134.20978 -134.0056 -133.78412 -133.55202 -133.31992 -133.08261 -132.83582 -132.58902 -132.34222 -132.09541 -131.84862 -131.60182 -131.35503 -131.10823 -130.86407 -130.62392 -130.38377 -130.14363 -129.90347 -129.66333 -129.41685 -129.15573 -128.8946 -128.6335 -128.37238 -128.11125 -127.850136 -127.59439 -127.34474 -127.095085 -126.84543 -126.59578 -126.34612 -126.08828 -125.82273 -125.55392 -125.2851 -125.018555 -124.7563 -124.49656 -124.23774 -123.97892 -123.72011 -123.46222 -123.20747 -122.95059 -122.69255 -122.43451 -122.176476 -121.918434 -121.66039 -121.40235 -121.13829 -120.88373 10e32 10e32 10e32 10e32
